1	50
1	65
1	86
1	90
1	109
1	146
1	182
1	297
1	300
1	324
1	331
1	335
1	344
1	411
1	441
2	32
2	42
2	98
2	122
2	127
2	162
2	164
2	179
2	230
2	250
2	253
2	282
2	308
2	320
2	353
2	402
2	408
2	412
2	413
2	417
2	419
2	420
2	426
2	430
2	436
3	25
3	70
3	110
3	120
3	137
3	223
3	224
3	235
3	255
3	264
3	285
3	291
3	297
3	416
3	427
3	431
3	448
3	460
4	7
4	52
4	55
4	115
4	122
4	145
4	155
4	194
4	214
4	240
4	241
4	245
4	268
4	295
4	393
4	396
4	441
4	464
5	24
5	35
5	51
5	55
5	80
5	82
5	135
5	157
5	158
5	190
5	214
5	225
5	250
5	252
5	267
5	293
5	322
5	329
5	411
5	412
5	438
5	463
6	47
6	82
6	127
6	149
6	166
6	215
6	243
6	256
6	277
6	346
6	397
6	420
7	31
7	55
7	57
7	66
7	82
7	98
7	104
7	124
7	139
7	148
7	200
7	205
7	211
7	232
7	238
7	261
7	278
7	298
7	328
7	333
7	364
7	365
7	427
7	449
8	18
8	22
8	27
8	43
8	51
8	61
8	89
8	138
8	141
8	142
8	148
8	151
8	152
8	159
8	160
8	182
8	208
8	248
8	251
8	274
8	280
8	282
8	303
8	321
8	330
8	345
8	348
8	359
8	374
8	414
9	18
9	25
9	106
9	123
9	129
9	160
9	163
9	170
9	199
9	249
9	269
9	324
9	370
9	385
9	414
9	447
9	456
10	28
10	72
10	73
10	109
10	114
10	126
10	136
10	169
10	173
10	176
10	178
10	221
10	227
10	232
10	233
10	251
10	263
10	285
10	318
10	355
10	372
10	379
10	381
10	408
10	412
10	414
11	32
11	43
11	48
11	66
11	121
11	210
11	242
11	276
11	277
11	299
11	329
11	330
11	363
11	411
11	416
11	435
11	437
11	458
12	24
12	27
12	40
12	41
12	47
12	57
12	99
12	117
12	127
12	158
12	160
12	199
12	205
12	243
12	291
12	302
12	319
12	323
12	326
12	330
12	345
12	355
12	364
12	420
13	22
13	26
13	176
13	204
13	224
13	225
13	250
13	305
13	365
13	372
13	402
13	410
13	411
13	436
13	444
13	463
14	72
14	108
14	135
14	143
14	151
14	159
14	166
14	189
14	190
14	207
14	232
14	271
14	277
14	286
14	307
14	319
14	322
14	327
14	347
14	360
14	377
14	402
14	446
15	17
15	22
15	24
15	53
15	77
15	103
15	127
15	145
15	171
15	208
15	249
15	256
15	264
15	273
15	282
15	284
15	300
15	324
15	340
15	348
15	349
15	354
15	364
15	415
16	26
16	134
16	157
16	163
16	189
16	191
16	224
16	244
16	253
16	274
16	309
16	322
16	326
16	335
16	336
16	350
16	354
16	411
17	23
17	60
17	142
17	148
17	159
17	198
17	234
17	236
17	258
17	262
17	322
17	367
17	375
17	402
17	407
18	24
18	51
18	54
18	72
18	84
18	92
18	133
18	149
18	169
18	182
18	235
18	276
18	279
18	309
18	325
18	335
18	367
18	371
18	379
18	380
18	383
18	397
19	22
19	60
19	73
19	93
19	124
19	126
19	139
19	151
19	152
19	157
19	184
19	186
19	230
19	282
19	321
19	341
19	344
19	382
19	414
19	429
19	440
20	62
20	78
20	81
20	85
20	86
20	102
20	123
20	138
20	182
20	204
20	207
20	212
20	228
20	293
20	346
20	352
20	395
20	420
20	422
20	449
20	464
21	68
21	139
21	143
21	148
21	187
21	190
21	209
21	211
21	287
21	292
21	322
21	329
21	363
21	394
21	397
21	414
21	423
22	33
22	55
22	70
22	72
22	73
22	86
22	119
22	202
22	219
22	222
22	226
22	257
22	260
22	271
22	277
22	304
22	319
22	334
22	362
22	380
22	381
22	382
22	383
22	401
22	420
22	435
22	438
23	93
23	120
23	238
23	257
23	259
23	284
23	309
23	316
23	328
23	346
23	359
23	381
23	409
23	421
23	431
23	432
23	444
23	462
24	44
24	61
24	95
24	109
24	117
24	138
24	169
24	183
24	187
24	189
24	236
24	271
24	309
24	341
24	352
24	354
24	398
24	401
24	415
24	424
24	440
24	453
24	464
25	49
25	58
25	64
25	78
25	113
25	151
25	155
25	160
25	170
25	199
25	236
25	253
25	308
25	309
25	314
25	330
25	348
25	361
25	367
25	380
25	406
25	454
26	51
26	75
26	104
26	166
26	170
26	172
26	236
26	250
26	278
26	303
26	306
26	332
26	352
26	353
26	375
26	383
26	419
26	435
26	449
26	459
27	65
27	90
27	106
27	143
27	167
27	244
27	257
27	295
27	319
27	354
27	375
28	37
28	42
28	69
28	74
28	76
28	88
28	181
28	186
28	197
28	204
28	268
28	358
28	402
28	418
28	426
28	455
29	44
29	69
29	82
29	91
29	112
29	146
29	148
29	160
29	191
29	228
29	295
29	314
29	374
29	379
29	404
29	407
29	432
30	63
30	75
30	106
30	116
30	156
30	164
30	165
30	172
30	204
30	226
30	229
30	259
30	273
30	278
30	281
30	284
30	307
30	315
30	341
30	357
30	363
30	389
30	390
30	416
30	421
30	423
30	425
30	445
30	449
31	44
31	52
31	65
31	106
31	163
31	166
31	176
31	248
31	284
31	308
31	324
31	326
31	339
31	342
31	362
31	366
31	392
31	403
31	416
32	36
32	41
32	70
32	71
32	78
32	91
32	113
32	119
32	130
32	147
32	158
32	198
32	222
32	276
32	277
32	280
32	292
32	313
32	341
32	357
32	379
32	388
32	391
32	405
32	406
32	464
33	77
33	90
33	115
33	145
33	146
33	153
33	167
33	170
33	195
33	200
33	261
33	270
33	277
33	380
33	383
33	399
33	438
34	54
34	91
34	118
34	129
34	134
34	208
34	218
34	224
34	276
34	278
34	291
34	338
34	348
34	350
34	407
34	419
35	57
35	91
35	121
35	145
35	171
35	172
35	191
35	193
35	196
35	207
35	235
35	292
35	298
35	305
35	350
35	368
35	442
36	37
36	52
36	54
36	119
36	171
36	211
36	214
36	240
36	258
36	276
36	291
36	294
36	302
36	343
36	365
36	369
36	382
36	384
36	392
36	413
36	415
36	416
36	425
36	437
36	457
37	39
37	47
37	56
37	98
37	132
37	142
37	148
37	164
37	182
37	186
37	208
37	213
37	227
37	234
37	272
37	282
37	289
37	321
37	383
37	387
37	392
37	414
37	419
37	422
37	425
37	464
38	42
38	50
38	68
38	100
38	110
38	158
38	187
38	195
38	255
38	269
38	270
38	277
38	280
38	331
38	354
38	375
38	382
38	417
38	422
38	423
39	78
39	103
39	127
39	131
39	136
39	167
39	185
39	201
39	229
39	257
39	292
39	382
39	392
39	393
39	414
39	436
39	453
40	77
40	91
40	94
40	124
40	128
40	179
40	202
40	257
40	337
40	348
40	392
40	404
40	430
40	438
40	458
41	57
41	91
41	100
41	109
41	175
41	183
41	216
41	247
41	315
41	326
41	344
41	434
41	463
42	51
42	58
42	69
42	122
42	140
42	148
42	200
42	218
42	260
42	266
42	287
42	294
42	295
42	312
42	334
42	400
42	403
42	406
42	427
42	428
42	440
42	451
42	452
43	45
43	162
43	206
43	242
43	278
43	298
43	312
43	328
43	364
43	370
43	381
43	422
43	442
43	445
43	452
43	455
43	461
44	50
44	74
44	85
44	87
44	104
44	113
44	139
44	157
44	182
44	187
44	223
44	263
44	314
44	323
44	371
44	404
44	421
45	56
45	71
45	73
45	84
45	85
45	90
45	97
45	98
45	128
45	136
45	195
45	265
45	276
45	325
45	327
45	338
45	343
45	366
45	381
45	399
46	55
46	58
46	107
46	165
46	185
46	234
46	262
46	267
46	297
46	380
46	440
47	48
47	77
47	84
47	134
47	172
47	188
47	189
47	196
47	204
47	205
47	206
47	253
47	262
47	312
47	314
47	316
47	322
47	363
47	367
47	412
47	443
47	446
48	66
48	78
48	83
48	134
48	143
48	146
48	149
48	154
48	160
48	231
48	250
48	262
48	280
48	298
48	309
48	321
48	336
48	343
48	373
48	383
48	424
49	98
49	100
49	209
49	302
49	314
49	317
49	320
49	329
49	333
49	396
49	421
49	430
50	65
50	66
50	71
50	88
50	119
50	134
50	150
50	158
50	173
50	188
50	208
50	221
50	262
50	271
50	312
50	316
50	413
50	464
51	60
51	80
51	137
51	146
51	151
51	208
51	218
51	246
51	258
51	307
51	397
51	444
51	456
51	461
51	462
52	85
52	100
52	152
52	198
52	229
52	240
52	261
52	273
52	328
52	329
52	332
52	345
52	361
52	369
52	388
52	395
52	448
52	457
53	80
53	97
53	151
53	178
53	182
53	195
53	211
53	235
53	238
53	245
53	262
53	345
53	364
53	381
53	398
53	405
53	454
54	95
54	195
54	212
54	253
54	264
54	265
54	289
54	293
54	299
54	307
54	389
55	63
55	97
55	102
55	135
55	187
55	219
55	235
55	266
55	288
55	347
55	351
55	362
55	383
55	409
55	446
55	454
56	57
56	99
56	116
56	132
56	161
56	163
56	167
56	172
56	175
56	182
56	222
56	248
56	268
56	306
56	366
56	401
56	404
56	416
56	430
56	438
56	439
57	60
57	83
57	85
57	88
57	123
57	126
57	145
57	151
57	188
57	199
57	211
57	229
57	233
57	282
57	284
57	299
57	304
57	317
57	396
57	401
57	411
57	424
57	446
58	79
58	81
58	84
58	111
58	137
58	152
58	183
58	194
58	201
58	205
58	215
58	249
58	312
58	317
58	321
58	322
58	343
58	349
58	358
58	434
58	447
59	67
59	75
59	86
59	105
59	111
59	113
59	127
59	137
59	139
59	166
59	177
59	184
59	193
59	237
59	263
59	298
59	324
59	433
59	443
60	101
60	103
60	135
60	147
60	215
60	247
60	264
60	271
60	273
60	335
60	362
60	382
60	417
60	438
60	439
60	463
61	97
61	126
61	134
61	139
61	162
61	167
61	169
61	223
61	229
61	331
61	368
61	390
61	404
61	423
61	436
61	447
61	462
62	63
62	76
62	94
62	97
62	117
62	140
62	160
62	181
62	209
62	224
62	272
62	280
62	299
62	313
62	341
62	406
62	407
62	410
62	463
63	75
63	101
63	106
63	107
63	122
63	162
63	193
63	196
63	198
63	237
63	242
63	340
63	345
63	363
63	376
63	403
63	463
64	65
64	115
64	119
64	133
64	137
64	168
64	263
64	277
64	339
64	358
64	360
64	456
65	122
65	134
65	227
65	229
65	278
65	284
65	286
65	288
65	298
65	321
65	347
65	351
65	362
65	368
65	437
65	442
65	460
65	462
66	105
66	124
66	127
66	133
66	150
66	211
66	227
66	242
66	306
66	319
66	356
66	362
66	371
66	372
66	420
66	450
67	79
67	112
67	144
67	163
67	168
67	180
67	189
67	258
67	368
67	410
67	433
68	88
68	129
68	138
68	181
68	186
68	193
68	201
68	210
68	212
68	227
68	276
68	295
68	302
68	306
68	330
68	335
68	345
68	348
68	368
68	371
68	388
68	392
68	415
68	427
68	428
69	80
69	100
69	120
69	193
69	195
69	215
69	264
69	270
69	375
69	409
69	414
69	435
69	437
69	459
70	109
70	117
70	126
70	146
70	258
70	277
70	278
70	290
70	417
70	422
70	425
70	435
70	442
70	450
71	83
71	98
71	112
71	118
71	134
71	213
71	218
71	223
71	256
71	272
71	316
71	323
71	342
71	346
71	352
71	368
71	395
71	408
71	431
71	438
71	451
71	461
71	463
71	464
72	108
72	154
72	170
72	184
72	227
72	263
72	264
72	271
72	283
72	332
72	347
72	359
72	375
72	376
72	383
72	389
72	393
72	402
72	404
73	103
73	114
73	115
73	165
73	172
73	223
73	224
73	230
73	245
73	262
73	274
73	277
73	283
73	294
73	328
73	338
73	341
73	418
73	438
74	84
74	85
74	96
74	111
74	128
74	150
74	179
74	186
74	211
74	212
74	237
74	239
74	244
74	265
74	283
74	291
74	304
74	352
74	389
74	397
74	399
74	409
74	416
74	432
74	457
75	77
75	88
75	95
75	138
75	147
75	160
75	165
75	173
75	176
75	184
75	204
75	332
75	337
75	367
75	391
75	404
75	415
75	425
75	462
76	79
76	116
76	223
76	260
76	265
76	286
76	303
76	327
76	340
76	365
76	368
76	380
76	388
76	399
76	410
76	442
77	112
77	123
77	197
77	201
77	220
77	225
77	231
77	236
77	262
77	277
77	311
77	323
77	376
77	378
77	392
77	409
77	459
78	131
78	166
78	204
78	206
78	224
78	234
78	239
78	289
78	293
78	300
78	359
78	370
78	397
78	412
78	414
78	434
78	452
79	117
79	121
79	122
79	131
79	190
79	199
79	223
79	258
79	275
79	294
79	327
79	344
79	360
79	366
79	406
79	407
79	437
79	438
80	87
80	92
80	121
80	158
80	185
80	197
80	235
80	240
80	293
80	344
80	365
80	388
80	414
81	100
81	114
81	177
81	182
81	189
81	203
81	242
81	269
81	311
81	324
81	348
81	387
81	399
81	429
81	433
81	438
81	457
82	90
82	103
82	137
82	151
82	179
82	180
82	190
82	264
82	290
82	324
82	330
82	340
82	356
82	388
82	402
82	426
83	93
83	99
83	112
83	179
83	208
83	227
83	242
83	257
83	280
83	361
83	414
83	440
84	108
84	153
84	237
84	240
84	258
84	267
84	276
84	317
84	325
84	338
84	364
84	439
84	445
84	451
84	463
85	91
85	115
85	156
85	159
85	163
85	180
85	182
85	222
85	229
85	256
85	333
85	342
85	360
85	363
85	388
85	392
85	423
85	439
86	88
86	104
86	105
86	114
86	122
86	133
86	139
86	230
86	256
86	266
86	294
86	308
86	388
86	396
86	408
86	427
86	454
86	455
87	89
87	100
87	102
87	119
87	148
87	150
87	152
87	186
87	198
87	199
87	226
87	230
87	265
87	272
87	275
87	278
87	423
87	454
88	111
88	157
88	171
88	183
88	231
88	232
88	371
88	376
88	415
88	453
89	109
89	116
89	158
89	169
89	203
89	216
89	250
89	252
89	284
89	290
89	317
89	321
89	329
89	349
89	442
90	100
90	109
90	116
90	152
90	161
90	168
90	207
90	211
90	217
90	259
90	348
90	349
90	356
90	366
90	398
90	415
90	422
90	461
91	104
91	114
91	115
91	157
91	264
91	302
91	353
91	383
91	405
91	424
91	434
91	447
91	448
92	107
92	111
92	118
92	149
92	150
92	167
92	174
92	217
92	233
92	317
92	320
92	326
92	338
92	339
92	372
92	442
93	103
93	108
93	163
93	190
93	200
93	222
93	231
93	242
93	243
93	247
93	288
93	301
93	329
93	350
93	356
93	385
93	455
94	111
94	122
94	123
94	134
94	177
94	197
94	203
94	207
94	226
94	241
94	271
94	276
94	279
94	322
94	325
94	385
94	396
94	404
94	424
95	105
95	110
95	126
95	142
95	151
95	194
95	196
95	205
95	227
95	230
95	242
95	276
95	283
95	286
95	309
95	316
95	323
95	348
95	379
95	381
95	386
95	402
95	409
95	440
95	454
95	457
96	106
96	119
96	142
96	156
96	176
96	196
96	198
96	297
96	316
96	405
96	423
96	428
96	435
97	107
97	130
97	134
97	173
97	196
97	211
97	228
97	247
97	258
97	300
97	309
97	325
97	329
97	347
97	364
97	365
97	383
97	406
98	132
98	143
98	166
98	182
98	210
98	215
98	221
98	222
98	251
98	255
98	269
98	296
98	340
98	364
98	368
98	374
98	420
98	423
98	437
98	452
99	106
99	112
99	140
99	142
99	164
99	170
99	204
99	206
99	224
99	231
99	238
99	269
99	320
99	322
99	409
99	410
99	414
99	452
100	107
100	124
100	156
100	160
100	174
100	197
100	198
100	260
100	278
100	279
100	312
100	319
100	322
100	334
100	358
100	419
100	432
100	459
101	113
101	116
101	118
101	145
101	157
101	168
101	171
101	179
101	203
101	288
101	305
101	330
101	335
101	351
101	380
101	396
101	405
101	413
101	428
101	449
102	129
102	139
102	188
102	190
102	231
102	245
102	252
102	259
102	260
102	280
102	318
102	324
102	376
102	377
102	404
102	436
103	110
103	113
103	114
103	147
103	180
103	181
103	204
103	247
103	252
103	286
103	301
103	327
103	331
103	373
103	392
104	111
104	137
104	162
104	171
104	185
104	193
104	196
104	205
104	208
104	224
104	257
104	292
104	294
104	297
104	304
104	326
104	341
104	380
104	400
104	404
104	450
104	458
105	107
105	111
105	145
105	161
105	222
105	227
105	251
105	376
105	405
105	434
105	446
105	448
106	120
106	123
106	222
106	257
106	261
106	265
106	278
106	318
106	348
106	366
106	376
106	387
106	390
106	395
106	417
106	445
107	150
107	159
107	160
107	161
107	191
107	199
107	201
107	251
107	330
107	332
107	334
107	385
107	400
107	439
107	450
107	453
108	121
108	135
108	175
108	192
108	202
108	228
108	308
108	315
108	322
108	373
108	397
108	416
108	424
108	426
109	136
109	141
109	142
109	162
109	206
109	210
109	211
109	218
109	276
109	286
109	297
109	316
109	332
109	364
109	369
109	383
109	439
110	138
110	191
110	202
110	209
110	222
110	235
110	240
110	255
110	285
110	289
110	296
110	307
110	336
110	361
110	369
110	373
110	413
110	430
110	438
111	115
111	123
111	135
111	144
111	152
111	180
111	184
111	193
111	208
111	360
111	375
111	408
111	448
111	460
112	134
112	138
112	162
112	180
112	182
112	211
112	220
112	259
112	263
112	268
112	289
112	293
112	319
112	345
112	366
112	442
112	457
112	462
113	116
113	117
113	130
113	160
113	166
113	189
113	202
113	224
113	225
113	279
113	295
113	353
113	355
113	378
113	421
113	446
113	453
114	126
114	148
114	155
114	241
114	287
114	314
114	321
114	340
114	344
114	357
114	394
114	402
114	422
114	439
115	167
115	169
115	172
115	241
115	261
115	272
115	297
115	298
115	316
115	319
115	420
115	424
115	433
115	438
115	441
115	449
116	205
116	222
116	245
116	290
116	294
116	310
116	316
116	348
116	361
116	364
116	366
116	406
116	407
116	413
117	125
117	126
117	135
117	137
117	147
117	216
117	234
117	244
117	264
117	328
117	331
117	333
117	345
117	413
117	417
117	455
118	145
118	162
118	214
118	240
118	248
118	254
118	264
118	309
118	320
118	322
118	333
118	371
118	375
118	378
118	380
118	423
118	447
118	453
119	148
119	158
119	168
119	203
119	218
119	348
119	369
119	400
119	411
119	462
120	130
120	160
120	169
120	183
120	236
120	244
120	393
120	414
120	422
120	444
120	453
121	141
121	164
121	185
121	206
121	226
121	262
121	269
121	278
121	292
121	296
121	344
121	345
121	385
121	406
121	417
121	435
121	440
121	445
122	142
122	168
122	178
122	230
122	236
122	255
122	258
122	265
122	282
122	288
122	291
122	296
122	297
122	301
122	302
122	319
122	347
122	375
122	378
122	431
122	448
123	127
123	134
123	168
123	169
123	188
123	203
123	207
123	213
123	215
123	249
123	267
123	310
123	336
123	343
123	360
123	368
123	392
123	436
123	451
124	130
124	178
124	318
124	321
124	333
124	367
124	455
124	457
125	145
125	147
125	171
125	182
125	185
125	217
125	260
125	262
125	311
125	330
125	356
125	362
125	372
125	392
125	449
126	156
126	168
126	204
126	210
126	239
126	251
126	279
126	343
126	380
126	384
126	387
126	428
127	143
127	220
127	267
127	297
127	329
127	386
127	417
127	427
127	430
127	460
128	133
128	136
128	240
128	296
128	311
128	404
128	414
128	449
129	135
129	145
129	152
129	175
129	184
129	194
129	207
129	276
129	291
129	315
129	330
129	331
129	348
129	354
129	410
129	412
129	436
129	447
129	457
130	155
130	163
130	164
130	210
130	275
130	286
130	289
130	326
130	367
130	389
130	407
130	413
130	461
131	156
131	180
131	211
131	227
131	253
131	267
131	290
131	315
131	334
131	336
131	354
131	355
131	365
131	370
131	375
131	396
131	398
131	428
131	455
131	461
132	142
132	157
132	160
132	163
132	170
132	176
132	177
132	237
132	240
132	252
132	284
132	290
132	326
132	360
132	407
133	158
133	165
133	173
133	185
133	235
133	255
133	259
133	280
133	304
133	338
133	350
133	381
133	388
133	406
133	429
134	143
134	172
134	174
134	186
134	188
134	189
134	239
134	292
134	317
134	333
134	356
134	376
134	377
134	384
134	422
134	451
135	136
135	145
135	230
135	234
135	235
135	246
135	300
135	348
135	406
135	414
135	415
136	141
136	165
136	189
136	213
136	227
136	260
136	279
136	299
136	308
136	314
136	329
136	362
136	363
136	416
136	432
136	455
137	160
137	198
137	215
137	272
137	274
137	281
137	307
137	382
137	395
137	419
137	447
138	181
138	217
138	232
138	236
138	279
138	304
138	353
138	354
138	385
138	396
138	411
138	412
138	429
138	439
139	152
139	159
139	162
139	163
139	195
139	203
139	218
139	232
139	289
139	309
139	316
139	332
139	370
139	388
139	391
140	143
140	177
140	202
140	286
140	298
140	373
140	381
140	400
140	426
140	427
140	446
140	457
140	460
141	146
141	147
141	158
141	166
141	167
141	170
141	220
141	222
141	252
141	257
141	260
141	275
141	304
141	344
141	346
141	364
141	449
141	452
141	461
142	184
142	185
142	204
142	212
142	224
142	225
142	226
142	239
142	242
142	260
142	265
142	277
142	307
142	311
142	327
142	382
142	428
142	437
142	447
143	161
143	176
143	206
143	265
143	268
143	280
143	349
143	351
143	375
143	390
143	392
143	411
143	415
143	424
143	435
143	437
143	454
144	162
144	173
144	193
144	214
144	228
144	270
144	285
144	327
144	365
144	398
144	446
145	202
145	244
145	336
145	360
145	405
145	447
145	450
145	460
146	154
146	170
146	177
146	216
146	218
146	221
146	238
146	261
146	287
146	309
146	396
146	451
147	177
147	208
147	230
147	239
147	310
147	319
147	334
147	347
147	380
147	413
147	430
147	440
147	443
148	150
148	169
148	187
148	211
148	252
148	272
148	289
148	300
148	337
148	361
148	368
148	390
148	416
148	458
149	167
149	177
149	212
149	222
149	234
149	254
149	290
149	346
149	428
149	457
149	460
150	170
150	234
150	313
150	314
150	319
150	321
150	405
150	456
151	165
151	201
151	230
151	233
151	297
151	310
151	316
151	454
151	455
152	163
152	177
152	180
152	209
152	226
152	250
152	251
152	278
152	290
152	329
152	341
152	354
152	374
152	405
152	412
152	436
152	461
153	161
153	176
153	195
153	197
153	203
153	264
153	284
153	315
153	319
153	321
153	333
153	338
153	355
153	357
153	364
153	385
153	396
153	461
154	163
154	188
154	192
154	204
154	233
154	236
154	273
154	280
154	283
154	293
154	299
154	331
154	347
154	373
154	377
154	385
154	393
154	424
154	431
154	445
154	451
155	161
155	168
155	172
155	199
155	204
155	255
155	276
155	286
155	308
155	312
155	391
155	412
155	416
155	434
155	441
155	445
156	164
156	165
156	184
156	190
156	194
156	196
156	198
156	245
156	336
156	351
156	366
156	417
156	441
156	443
156	445
157	173
157	186
157	203
157	210
157	215
157	228
157	230
157	240
157	272
157	285
157	293
157	305
157	334
157	378
157	384
157	393
157	427
157	444
158	175
158	179
158	212
158	218
158	228
158	235
158	239
158	243
158	306
158	307
158	314
158	317
158	329
158	334
158	385
158	393
158	397
158	402
158	440
158	444
158	450
159	172
159	183
159	189
159	256
159	259
159	280
159	289
159	292
159	315
159	316
159	326
159	340
159	368
159	405
159	413
160	185
160	202
160	209
160	224
160	234
160	275
160	288
160	320
160	406
160	437
160	461
161	181
161	188
161	249
161	252
161	253
161	258
161	276
161	305
161	333
161	358
161	369
161	380
161	413
161	419
161	437
161	453
162	170
162	214
162	230
162	237
162	244
162	264
162	339
162	361
162	380
162	439
163	164
163	175
163	180
163	234
163	257
163	276
163	301
163	354
163	367
163	370
163	438
164	180
164	265
164	271
164	274
164	304
164	311
164	320
164	330
164	362
164	367
164	383
164	396
164	430
164	453
165	167
165	175
165	189
165	207
165	227
165	256
165	265
165	267
165	320
165	324
165	329
165	360
165	370
165	417
165	460
166	192
166	233
166	237
166	306
166	310
166	312
166	352
166	372
166	386
166	389
166	395
166	407
166	410
166	418
166	437
167	225
167	267
167	276
167	332
167	351
167	358
167	369
167	384
167	395
167	410
167	442
167	460
168	201
168	296
168	298
168	315
168	342
168	419
168	458
168	461
168	462
169	182
169	210
169	218
169	222
169	233
169	273
169	277
169	294
169	321
169	416
169	424
169	430
169	447
169	463
170	202
170	239
170	256
170	269
170	294
170	308
170	323
170	369
170	392
170	397
170	414
170	420
170	445
171	178
171	189
171	221
171	240
171	247
171	285
171	311
171	314
171	317
171	380
171	426
171	440
172	199
172	281
172	293
172	327
172	335
172	341
172	358
172	378
172	435
172	445
172	455
172	456
173	193
173	313
173	372
173	397
173	401
173	418
173	439
173	447
173	459
174	191
174	199
174	234
174	293
174	301
174	378
174	410
174	422
174	428
174	462
175	183
175	187
175	191
175	229
175	280
175	286
175	293
175	376
175	379
175	403
175	406
175	417
175	450
176	209
176	241
176	252
176	280
176	402
176	404
176	416
176	431
176	442
177	180
177	203
177	207
177	213
177	252
177	268
177	272
177	276
177	280
177	312
177	319
177	412
177	448
177	452
177	454
178	200
178	207
178	213
178	237
178	243
178	251
178	253
178	261
178	265
178	318
178	336
178	368
178	384
178	387
178	408
178	424
179	253
179	269
179	341
179	343
179	350
179	373
179	423
179	443
180	181
180	196
180	205
180	212
180	227
180	267
180	297
180	306
180	310
180	333
180	337
180	384
180	410
181	192
181	196
181	219
181	223
181	225
181	257
181	284
181	287
181	300
181	313
181	327
181	332
181	335
181	344
181	351
181	357
181	368
181	383
181	391
181	395
181	448
182	191
182	208
182	238
182	240
182	241
182	245
182	281
182	308
182	332
182	337
182	345
182	350
182	380
182	386
182	391
182	411
182	419
183	213
183	215
183	341
183	388
183	391
183	395
183	397
183	406
183	411
183	433
184	234
184	240
184	281
184	284
184	291
184	342
184	353
184	377
184	386
184	404
184	409
184	430
184	431
185	245
185	267
185	285
185	286
185	297
185	309
185	329
185	330
185	339
185	343
185	375
185	405
185	414
185	423
185	449
186	221
186	250
186	253
186	268
186	285
186	329
186	424
186	461
187	201
187	220
187	294
187	296
187	297
187	314
187	368
187	403
187	411
187	421
187	422
188	194
188	215
188	216
188	249
188	257
188	316
188	328
188	390
188	392
188	397
188	422
188	439
189	193
189	243
189	260
189	265
189	317
189	340
189	369
189	398
189	421
189	453
189	460
190	196
190	216
190	228
190	257
190	263
190	291
190	374
190	382
190	386
190	401
190	437
191	193
191	201
191	216
191	218
191	308
191	309
191	316
191	324
191	325
191	375
191	386
191	442
191	460
192	219
192	248
192	279
192	285
192	289
192	315
192	334
192	362
192	363
192	375
192	417
192	421
192	450
193	196
193	250
193	267
193	268
193	271
193	275
193	279
193	312
193	317
193	321
193	331
193	340
193	350
193	352
193	383
193	390
193	401
193	411
193	432
194	218
194	248
194	252
194	276
194	294
194	303
194	325
194	359
195	203
195	208
195	300
195	347
195	353
195	425
195	443
196	242
196	249
196	257
196	312
196	314
196	332
196	352
196	395
196	398
196	411
196	427
196	446
196	447
196	453
196	454
197	219
197	291
197	296
197	298
197	303
197	307
197	316
197	318
197	358
197	385
197	392
197	395
197	401
197	409
197	411
197	419
197	433
197	446
197	458
198	214
198	327
198	331
198	396
198	438
198	456
199	210
199	257
199	295
199	312
199	320
199	351
199	368
199	397
199	409
199	435
200	214
200	219
200	247
200	253
200	273
200	306
200	308
200	309
200	318
200	343
200	347
200	410
200	418
200	434
200	445
201	202
201	204
201	273
201	292
201	299
201	305
201	309
201	313
201	335
201	339
201	376
201	380
201	390
201	413
201	442
202	262
202	390
202	410
202	419
202	439
202	453
203	229
203	265
203	286
203	304
203	316
203	333
203	364
203	366
203	396
203	404
203	410
203	416
203	418
203	419
204	205
204	265
204	284
204	340
204	343
204	360
204	410
204	413
205	246
205	255
205	295
205	307
205	332
205	385
205	401
205	405
205	420
205	430
205	448
206	230
206	263
206	269
206	301
206	316
206	375
206	382
206	394
206	398
206	401
206	402
206	404
206	412
207	209
207	222
207	225
207	245
207	267
207	292
207	314
207	363
207	414
207	427
208	244
208	263
208	286
208	340
208	341
208	343
208	356
208	406
208	435
209	214
209	226
209	246
209	253
209	261
209	262
209	270
209	315
209	337
209	357
209	397
209	416
209	420
209	428
210	216
210	272
210	278
210	289
210	294
210	323
210	324
210	325
210	348
210	380
210	419
210	420
211	212
211	219
211	229
211	235
211	266
211	268
211	273
211	316
211	325
211	355
211	356
211	360
211	368
211	379
211	385
211	415
211	430
211	432
212	235
212	256
212	297
212	336
212	347
212	391
212	454
213	233
213	240
213	318
213	326
213	348
213	404
213	425
213	435
213	449
213	452
214	237
214	340
214	366
214	368
214	446
214	451
214	454
215	263
215	280
215	292
215	305
215	307
215	317
215	319
215	325
215	361
215	366
215	377
216	250
216	252
216	281
216	286
216	303
216	311
216	332
216	341
216	396
216	459
217	245
217	271
217	320
217	375
217	381
217	384
217	389
217	394
217	406
217	421
217	424
217	425
217	439
217	448
218	225
218	245
218	262
218	290
218	316
218	317
218	335
218	338
218	341
218	358
218	370
218	387
218	421
218	448
218	460
219	284
219	292
219	325
219	349
219	372
219	388
219	397
219	457
220	244
220	259
220	293
220	296
220	342
220	346
220	385
220	396
220	413
220	418
221	232
221	235
221	278
221	282
221	299
221	353
221	360
221	398
221	444
221	448
222	225
222	246
222	256
222	260
222	275
222	289
222	332
222	359
222	374
222	377
222	380
222	427
223	224
223	237
223	242
223	248
223	266
223	298
223	339
223	369
223	395
223	407
223	434
223	450
223	461
224	284
224	298
224	311
224	317
224	324
224	340
224	359
224	384
224	397
224	430
224	436
224	438
224	452
225	236
225	244
225	259
225	271
225	324
225	328
225	396
225	411
225	423
225	441
225	457
225	461
225	463
226	243
226	251
226	274
226	278
226	283
226	335
226	352
226	399
226	421
226	433
227	234
227	270
227	274
227	296
227	315
227	341
227	348
227	366
227	373
227	388
227	399
227	404
227	410
227	412
227	415
228	252
228	309
228	323
228	324
228	356
228	360
228	381
228	384
228	455
228	459
229	271
229	294
229	318
229	329
229	396
229	400
230	274
230	275
230	317
230	362
230	363
230	369
230	377
230	390
230	412
230	452
230	461
231	243
231	319
231	325
231	351
232	236
232	282
232	284
232	310
232	355
232	359
232	364
232	381
232	383
232	406
232	409
232	410
232	435
232	437
232	442
233	303
233	331
233	372
233	378
233	392
233	435
233	451
233	458
233	463
234	276
234	289
234	298
234	316
234	339
234	340
234	353
234	367
234	380
234	386
234	414
234	416
234	428
234	451
234	453
235	258
235	277
235	290
235	320
235	325
235	392
235	450
235	455
236	275
236	278
236	289
236	302
236	317
236	336
236	358
236	362
236	367
236	392
236	427
237	269
237	270
237	351
237	357
237	370
237	413
237	439
237	459
237	461
238	263
238	295
238	297
238	308
238	311
238	443
238	462
239	273
239	274
239	275
239	292
239	374
239	382
239	383
239	431
239	450
239	460
240	268
240	292
240	307
240	313
240	352
240	359
240	367
240	426
240	435
240	449
240	459
241	306
241	320
241	354
241	369
241	370
241	398
241	401
241	413
241	426
241	442
241	455
242	254
242	264
242	300
242	342
242	357
242	361
242	372
242	377
242	393
242	408
242	410
242	439
243	245
243	255
243	276
243	361
243	374
243	376
243	385
243	398
243	427
244	254
244	255
244	263
244	316
244	333
244	349
244	360
244	381
244	387
244	442
244	464
245	254
245	312
245	343
245	345
245	365
245	387
245	424
245	434
245	464
246	269
246	283
246	292
246	354
246	368
246	413
246	432
246	436
246	441
246	449
247	255
247	257
247	271
247	277
247	305
247	347
247	352
247	386
247	397
247	401
247	437
248	252
248	258
248	267
248	269
248	311
248	332
248	383
248	391
248	449
248	461
249	253
249	267
249	272
249	281
249	290
249	304
249	326
249	342
249	345
249	375
249	376
249	381
250	254
250	271
250	285
250	292
250	407
250	428
250	457
251	261
251	273
251	308
251	321
251	335
251	338
251	347
251	349
251	389
251	393
251	415
251	427
251	439
252	272
252	283
252	289
252	293
252	321
252	346
252	350
252	386
252	390
252	447
253	288
253	299
253	318
253	342
253	355
253	388
253	444
253	455
254	292
254	303
254	304
254	355
254	395
254	438
254	444
255	300
255	333
255	338
255	342
255	350
255	364
255	374
255	386
256	295
256	329
256	350
256	353
256	369
256	370
256	434
256	450
256	456
257	297
257	336
257	380
257	381
257	417
257	447
257	450
258	283
258	290
258	323
258	358
258	387
258	396
258	399
258	401
258	404
258	409
258	412
258	456
259	262
259	282
259	299
259	309
259	318
259	321
259	339
259	389
259	399
259	406
259	412
259	432
260	286
260	290
260	312
260	426
260	430
261	262
261	270
261	276
261	341
261	342
261	350
261	359
261	368
261	378
261	387
262	282
262	310
262	354
262	369
262	375
262	394
262	408
263	275
263	297
263	306
263	318
263	325
263	337
263	347
263	351
263	358
263	365
263	370
263	376
263	393
263	416
264	276
264	285
264	331
264	371
264	417
264	448
264	458
265	266
265	286
265	314
265	363
266	276
266	300
266	317
266	320
266	334
266	407
267	289
267	297
267	338
267	348
267	436
267	443
267	453
268	285
268	301
268	318
268	330
268	332
268	343
268	352
268	378
268	434
269	272
269	275
269	310
269	343
269	371
269	382
269	386
269	406
269	407
269	419
270	279
270	286
270	336
270	347
270	387
270	399
270	457
271	283
271	291
271	294
271	311
271	321
271	337
271	354
271	376
271	391
271	407
271	412
271	415
271	448
272	282
272	308
272	325
272	349
272	354
272	368
272	384
272	412
272	416
272	432
272	441
272	448
272	458
273	306
273	365
273	367
273	447
273	452
274	303
274	317
274	328
274	363
274	446
275	310
275	317
275	399
275	431
275	441
275	463
276	295
276	329
276	356
276	371
276	448
277	290
277	294
277	303
277	322
277	330
277	333
278	305
278	324
278	333
278	353
278	358
278	374
278	407
278	412
278	417
278	419
278	433
278	441
279	280
279	290
279	317
279	337
279	347
279	382
279	386
279	407
279	414
279	415
279	425
279	439
279	440
279	446
280	296
280	333
280	339
280	355
280	425
280	436
281	337
281	358
281	372
281	379
281	393
281	399
281	422
281	435
282	311
282	357
282	375
282	390
282	392
283	286
283	312
283	348
283	368
283	376
283	406
283	414
283	421
283	434
283	436
283	460
284	315
284	325
284	440
284	449
284	450
284	464
285	306
285	309
285	338
285	344
285	371
285	373
285	410
285	424
285	441
285	444
285	448
286	321
286	358
286	365
286	366
287	294
287	301
287	312
287	345
287	346
287	349
287	366
287	368
287	388
287	395
287	401
287	427
287	450
287	462
288	309
288	372
289	303
289	309
289	314
289	346
289	365
289	380
289	387
289	404
289	410
289	420
289	428
290	310
290	322
290	374
290	381
290	392
290	396
290	454
290	455
291	308
291	324
291	361
291	369
291	387
291	413
291	421
291	430
291	439
291	442
292	296
292	308
292	313
292	320
292	380
292	397
292	421
292	450
293	311
293	325
293	327
293	368
293	387
293	391
293	393
293	414
293	415
293	416
293	442
293	444
294	332
294	334
295	353
295	418
295	452
296	324
296	338
296	341
296	355
296	391
296	439
297	306
297	310
297	328
297	371
297	397
297	450
298	309
298	314
298	364
298	386
298	387
299	310
299	321
299	325
299	334
299	341
299	358
299	364
300	315
300	327
300	340
300	386
300	388
300	434
300	446
301	330
301	376
301	389
301	391
301	409
301	428
302	309
302	318
302	321
302	342
302	350
302	381
302	390
302	396
302	454
302	462
303	306
303	309
303	329
303	348
303	387
303	399
303	435
303	444
303	454
304	316
304	341
304	372
304	404
304	412
305	417
305	447
305	461
306	362
306	420
306	432
306	462
307	333
307	441
307	447
308	328
308	368
308	373
308	401
308	446
309	312
309	316
309	326
309	425
309	436
309	439
309	448
310	318
310	376
310	386
310	388
310	406
311	422
311	423
312	316
312	339
312	359
312	400
312	413
312	414
312	418
313	375
313	388
313	410
313	439
314	334
314	347
314	364
314	378
314	392
314	419
314	433
314	449
315	319
315	370
315	411
315	427
315	441
315	447
315	461
316	334
316	355
316	385
316	405
316	414
316	422
317	327
317	336
317	343
317	366
317	370
317	380
317	396
317	449
317	456
318	326
318	337
318	355
318	356
318	361
318	414
318	416
318	449
318	458
319	358
319	365
319	367
319	406
319	407
319	408
319	415
320	327
320	338
320	342
320	354
320	383
320	401
320	413
320	458
321	335
321	349
321	462
322	335
322	351
322	421
322	426
323	327
323	334
323	365
323	436
324	326
324	338
324	350
324	361
324	362
324	370
324	411
324	424
324	436
324	461
325	330
325	346
325	353
325	373
325	377
325	398
325	399
325	411
325	424
325	440
326	331
326	334
326	355
326	398
326	403
327	336
327	398
327	424
327	439
327	443
327	459
328	329
328	348
328	374
328	418
328	437
329	360
329	364
329	368
329	425
329	431
330	356
330	365
330	392
330	397
330	415
330	425
330	435
330	461
331	332
331	338
331	357
331	370
331	403
331	414
331	424
331	442
331	448
331	462
332	333
332	341
332	351
332	356
332	404
332	414
332	421
333	349
333	360
333	396
333	403
333	447
333	464
334	337
334	340
334	348
334	423
334	439
334	443
334	460
334	463
335	367
335	390
335	452
336	351
336	368
336	396
336	405
336	410
336	421
336	443
337	352
337	357
337	360
337	406
337	407
337	426
337	443
338	396
338	405
338	423
338	427
338	451
338	453
339	378
339	424
339	427
340	364
340	387
340	392
340	394
340	408
340	415
340	418
340	422
340	459
340	461
341	345
341	354
341	403
342	392
342	398
342	399
342	420
342	455
343	351
343	371
343	379
343	386
343	390
343	397
343	424
343	446
343	458
344	351
345	347
345	348
345	371
345	417
345	428
345	434
345	452
345	460
346	356
346	365
346	384
346	385
346	418
346	426
346	427
346	458
347	369
347	371
347	393
347	417
348	352
348	353
348	393
348	403
348	404
348	408
349	358
349	374
349	430
349	431
349	436
350	361
350	368
350	374
350	377
350	410
350	445
351	373
351	375
351	392
351	437
351	442
351	446
352	367
352	422
352	436
352	440
352	450
353	354
353	359
353	364
353	399
353	446
353	450
353	454
354	376
354	380
354	449
355	402
355	424
356	362
356	419
356	421
356	428
356	455
356	464
357	375
357	387
357	396
357	414
357	419
357	444
357	460
358	409
358	457
359	362
359	368
359	369
359	403
359	432
359	452
359	456
360	369
360	398
360	430
360	431
361	405
361	409
361	436
361	444
362	364
362	381
362	422
362	453
363	368
363	381
363	400
363	419
363	431
363	441
364	400
364	406
364	414
364	424
364	425
365	380
365	416
366	376
366	406
366	435
367	394
367	395
367	399
367	449
368	411
369	371
369	378
369	396
369	449
369	452
369	457
370	404
370	423
370	453
371	405
371	416
371	447
371	461
372	374
372	381
372	391
372	445
373	380
373	425
373	434
373	441
373	459
374	405
375	385
375	397
375	404
375	449
376	407
376	423
376	451
377	388
377	399
377	402
377	419
377	434
378	382
378	384
378	413
378	425
378	459
379	384
379	404
379	429
379	461
380	414
380	448
381	385
381	462
382	420
382	423
382	459
383	410
383	450
383	451
384	403
384	415
385	396
385	406
385	449
385	462
386	391
386	397
386	464
387	416
387	457
388	400
388	404
388	410
388	464
389	397
389	426
390	395
390	400
390	402
390	409
390	413
390	436
391	400
391	407
391	414
391	451
392	418
392	464
393	398
393	422
393	451
393	463
394	427
394	455
394	458
395	416
395	420
395	421
395	438
395	446
395	460
396	401
396	410
396	416
397	403
397	405
397	431
397	435
397	438
398	439
399	403
399	410
399	430
399	455
400	401
400	454
402	453
402	460
403	442
404	456
404	463
405	428
405	446
405	458
406	421
406	426
406	430
406	449
406	460
407	436
407	459
408	440
409	442
410	434
410	459
411	413
411	419
412	442
413	453
414	439
414	458
414	459
415	416
415	436
415	453
415	462
416	420
416	431
416	437
417	431
417	447
418	419
418	428
418	448
419	447
419	461
420	427
420	440
421	429
421	447
422	446
422	449
422	455
423	433
423	449
423	464
424	446
424	453
424	459
425	450
426	447
426	450
427	430
427	451
428	440
429	433
430	439
430	440
430	448
431	433
431	452
431	457
432	433
432	461
432	463
433	440
433	460
434	436
434	450
436	464
437	453
438	445
439	457
439	462
440	456
442	451
442	455
443	448
443	451
447	457
451	462
454	458
456	462
456	464
459	460
462	464
