1	103
1	245
1	365
1	386
1	393
1	426
2	22
2	69
2	171
2	317
2	319
2	351
3	114
3	131
3	202
3	247
3	256
3	275
3	299
3	313
3	318
3	347
4	45
4	50
4	67
4	113
4	157
5	297
5	326
5	334
5	427
5	443
6	31
6	75
6	113
6	123
6	132
6	154
6	166
6	243
6	312
6	419
7	8
7	12
7	43
7	61
7	72
7	139
7	160
7	177
7	186
7	209
7	234
7	333
7	442
7	452
8	20
8	55
8	92
8	166
8	270
8	307
8	318
8	369
9	30
9	57
9	101
9	107
9	172
9	178
9	242
9	293
9	300
9	303
9	437
9	440
10	14
10	60
10	81
10	155
10	255
10	297
10	430
10	457
11	22
11	52
11	234
11	278
11	307
11	397
11	430
11	454
12	80
12	211
12	359
12	377
12	405
12	408
13	38
13	64
13	142
13	295
13	368
13	428
14	95
14	190
14	358
14	460
14	463
15	139
15	154
15	225
15	345
15	357
15	363
15	364
16	77
16	210
16	324
17	57
17	77
17	117
17	235
17	391
17	438
17	446
18	142
18	144
18	155
18	187
18	198
18	225
18	269
19	21
19	32
19	59
19	74
19	116
19	131
19	191
19	201
19	212
19	287
19	299
19	380
19	382
19	393
20	29
20	62
20	93
20	99
20	114
20	179
20	356
20	385
20	453
21	374
21	418
21	421
21	430
22	57
22	111
22	119
22	233
22	257
22	410
22	411
23	113
23	180
23	249
23	353
24	163
24	237
24	267
24	306
24	376
24	432
25	28
25	92
25	96
25	159
25	209
25	212
25	225
25	296
25	326
25	336
26	77
26	84
26	176
26	194
26	296
26	326
27	48
27	88
27	175
27	183
27	189
27	204
27	292
27	303
27	310
27	314
27	385
27	446
28	37
28	53
28	166
28	280
28	293
28	299
28	328
28	347
28	408
28	423
29	75
29	118
29	288
29	293
29	317
29	318
29	364
29	389
29	462
30	61
30	148
30	155
30	284
30	347
30	379
30	392
30	424
30	428
31	47
31	208
31	221
31	257
31	271
31	375
31	405
31	414
31	448
31	460
32	61
32	158
32	302
32	306
32	330
33	87
33	154
33	169
33	231
33	269
33	282
33	287
33	294
33	321
33	329
33	335
33	336
33	344
34	47
34	121
34	203
34	351
35	92
35	93
35	131
35	152
35	155
35	166
35	296
35	313
35	354
35	361
35	373
35	439
36	61
36	70
36	93
36	146
36	200
36	230
36	240
36	255
36	356
37	211
37	284
37	290
37	320
37	450
38	68
38	78
38	123
38	289
38	453
39	45
39	315
39	396
40	106
40	208
40	209
40	326
40	412
40	463
41	131
41	153
41	282
41	335
41	392
41	432
42	154
42	231
42	240
42	258
42	277
42	297
42	382
43	58
43	146
43	151
43	172
43	271
43	348
43	435
44	196
44	229
44	246
44	260
44	269
44	362
44	421
45	133
45	136
45	160
45	223
45	257
45	341
45	353
45	361
45	413
45	443
45	452
46	69
46	73
46	109
46	118
46	175
46	203
46	262
46	267
46	282
46	289
46	349
47	131
47	134
47	143
47	323
47	381
47	429
48	99
48	190
48	237
48	257
48	408
48	428
49	82
49	84
49	178
49	184
49	192
49	224
49	287
49	294
49	339
49	341
49	439
50	74
50	114
50	361
50	431
51	72
51	118
51	127
51	244
51	389
51	448
51	455
52	74
52	75
52	194
52	209
52	279
52	299
52	307
52	413
52	428
52	435
53	78
53	194
53	298
53	305
53	375
53	403
54	303
54	405
54	424
55	146
55	171
55	206
55	209
55	222
55	231
55	239
55	245
55	299
55	324
55	450
55	458
56	235
56	331
56	392
57	80
57	124
57	231
57	266
57	294
57	340
57	437
58	135
58	165
58	170
58	326
58	441
59	160
59	305
59	325
59	365
60	65
60	83
60	155
60	158
60	208
60	209
60	270
60	295
60	296
60	321
60	356
60	450
61	70
61	105
61	115
61	179
61	276
61	327
61	368
61	448
62	74
62	97
62	107
62	151
62	167
62	204
62	364
62	399
63	116
63	155
63	293
63	351
63	429
64	101
64	105
64	111
64	269
64	272
64	275
64	302
64	356
64	360
64	440
64	447
65	82
65	84
65	296
65	458
66	93
66	114
66	147
66	215
66	232
66	234
66	242
66	276
66	283
66	352
66	383
67	131
67	170
67	245
67	284
67	310
67	343
67	380
67	414
67	433
67	454
68	143
68	145
68	352
68	416
68	418
69	98
69	171
69	223
69	300
69	397
70	80
70	154
70	435
70	456
71	98
71	380
71	421
72	126
72	134
72	135
72	147
72	190
72	278
72	327
72	333
72	389
72	400
72	417
73	132
73	154
73	228
73	420
73	437
74	77
74	116
74	156
74	199
74	452
75	130
76	116
76	275
76	307
76	314
76	426
76	438
76	453
77	92
77	144
77	303
77	332
78	131
78	195
78	204
78	208
78	218
78	274
78	352
79	189
79	220
79	259
79	328
79	345
79	385
79	431
80	100
80	130
80	133
80	249
80	358
80	411
80	428
80	456
81	177
81	304
81	366
82	120
82	145
82	431
82	443
83	115
83	161
83	180
83	229
83	257
83	260
83	320
84	100
84	168
84	179
84	279
84	340
84	341
84	349
84	362
84	402
85	160
86	95
86	120
86	147
86	193
86	224
86	302
86	315
86	424
86	428
87	204
87	313
87	375
87	379
87	408
87	457
88	106
88	109
88	207
88	357
88	419
88	431
88	459
89	334
89	337
89	416
89	423
89	443
90	99
90	101
90	170
90	264
90	397
91	111
91	221
91	332
91	361
91	395
91	426
92	115
92	228
92	313
92	315
92	407
92	422
93	165
93	190
93	215
93	315
93	316
93	330
94	137
94	213
94	368
94	392
94	396
95	151
95	160
95	174
95	246
95	302
95	331
95	445
96	120
96	183
96	236
96	238
96	246
96	326
96	357
97	101
97	103
97	205
97	264
97	304
97	320
98	151
98	202
98	207
98	213
98	244
98	250
98	268
98	291
98	293
98	392
98	437
99	108
99	114
99	128
99	133
99	177
99	231
99	267
99	292
99	299
99	370
99	373
99	398
100	120
100	135
100	187
100	325
100	334
100	378
100	383
100	457
101	110
101	115
101	263
102	276
102	315
102	319
102	381
103	108
103	118
103	126
103	191
103	344
103	359
104	168
104	183
104	184
104	187
104	270
104	279
104	287
104	301
104	316
104	422
104	454
105	150
105	209
105	273
106	215
106	318
106	376
106	423
106	436
107	119
107	137
107	143
107	249
107	292
108	150
108	163
108	165
108	260
108	275
108	338
109	242
109	272
109	293
109	404
109	442
110	234
110	235
110	405
111	128
111	200
111	210
111	337
111	340
111	341
111	403
112	359
113	295
113	302
113	371
114	310
114	420
115	128
115	251
115	353
115	462
116	395
116	430
116	451
117	182
118	174
118	209
118	288
118	293
118	364
118	390
118	417
118	450
118	462
119	134
119	198
119	236
119	258
119	336
119	416
119	434
119	437
120	132
120	195
120	238
120	239
120	253
120	305
120	374
120	428
121	181
121	202
121	258
121	281
121	424
121	457
122	341
123	157
123	170
123	206
123	428
124	140
124	248
124	262
124	321
124	351
125	276
125	322
125	429
126	242
126	288
126	295
126	369
126	386
127	248
127	439
127	447
128	193
128	298
128	319
129	183
129	198
129	308
129	402
129	451
130	163
130	287
130	437
130	444
131	140
131	147
131	176
131	194
131	298
131	441
132	185
132	347
132	420
132	456
133	265
133	274
133	329
133	351
133	375
133	406
133	450
134	317
134	350
134	360
135	193
135	261
135	266
135	284
135	297
135	370
135	390
136	195
136	203
136	276
136	289
136	292
136	408
136	416
136	461
137	139
137	164
137	240
137	257
137	286
137	346
138	165
138	276
139	173
139	194
139	249
139	293
139	306
139	336
140	177
140	194
140	313
141	298
142	255
142	264
142	266
142	270
142	358
142	385
142	431
143	151
143	186
143	344
143	427
144	156
144	222
144	314
144	400
144	411
145	230
145	285
145	325
145	328
145	330
145	368
146	201
146	220
146	246
146	352
146	368
146	382
146	417
147	228
147	268
147	274
147	287
147	339
147	342
147	378
147	403
147	411
147	461
148	329
149	247
149	265
149	281
149	288
149	320
149	377
149	395
149	423
149	434
150	209
150	387
151	177
151	213
151	268
151	289
151	291
151	309
151	323
151	351
151	408
152	167
152	184
152	256
152	397
152	445
153	300
153	309
153	345
153	413
153	460
154	196
154	264
155	182
155	206
155	225
155	243
155	292
155	309
155	368
156	250
156	351
156	361
157	173
157	186
157	223
157	260
157	349
157	362
157	374
157	435
158	222
158	464
159	198
159	252
159	337
159	437
160	198
160	299
160	327
160	328
160	401
160	435
161	363
161	398
161	420
162	307
162	369
162	404
163	198
163	218
163	231
163	321
163	448
164	194
164	284
164	412
165	184
165	223
165	279
165	315
165	374
166	344
166	353
166	369
166	393
167	172
167	202
167	360
167	388
167	412
167	416
167	432
168	295
168	312
168	393
168	439
169	281
169	317
169	390
169	455
170	317
170	329
170	353
170	366
171	178
171	181
171	205
171	245
171	252
171	262
171	362
172	175
172	299
172	319
172	386
173	247
173	258
173	427
173	431
174	206
174	217
174	225
174	228
174	237
175	299
175	364
175	374
175	438
176	190
176	346
176	393
177	206
177	307
177	374
177	418
177	437
178	184
178	267
178	284
178	348
178	440
179	183
179	326
179	363
179	442
179	464
180	259
180	266
180	449
180	460
181	409
182	194
182	341
183	215
183	253
183	368
184	192
184	368
184	398
184	416
184	431
184	456
185	276
185	278
185	314
185	340
185	399
185	447
186	269
186	305
186	333
186	430
186	435
187	290
187	320
188	274
188	315
188	423
188	464
189	193
189	214
189	276
189	278
189	373
191	271
191	332
191	418
192	212
192	215
192	251
192	344
192	396
192	406
192	407
193	222
193	430
194	198
194	291
194	464
195	272
195	361
195	392
195	409
195	417
195	438
196	282
196	315
196	321
196	454
197	270
197	273
197	293
197	312
197	405
197	420
197	430
198	298
198	318
198	321
199	234
199	241
199	263
199	282
199	348
199	423
200	228
200	303
200	322
200	353
200	446
201	351
201	358
201	359
201	421
201	441
201	450
202	318
202	355
202	400
203	266
203	267
204	333
205	314
205	406
206	210
206	220
206	224
206	326
206	404
207	310
207	393
209	231
210	372
210	454
211	221
211	232
211	295
211	344
211	448
212	336
212	423
213	312
213	390
214	379
214	441
215	353
216	231
216	308
217	355
217	415
218	264
218	282
218	287
218	321
218	364
218	379
218	390
219	290
219	292
219	363
220	231
220	282
220	284
220	336
220	392
220	437
221	246
221	300
221	322
221	328
221	399
221	428
222	247
222	443
223	338
223	339
223	383
224	266
225	235
225	362
225	406
225	428
226	276
226	301
226	307
226	378
227	238
227	252
227	373
227	425
228	361
228	450
229	431
229	456
230	250
230	260
230	306
230	446
230	461
231	265
231	267
231	271
231	377
232	248
232	382
232	399
232	423
232	441
233	340
233	350
233	361
233	424
233	459
234	272
234	273
234	302
235	314
236	267
236	291
236	379
236	419
237	338
237	418
237	436
237	445
237	455
237	457
237	462
238	254
238	275
238	278
238	352
238	452
239	260
239	393
240	271
240	333
240	340
240	385
240	396
240	412
241	377
241	395
241	430
242	274
242	322
243	449
244	259
244	320
244	336
245	264
245	302
245	332
245	347
246	248
246	249
246	306
246	335
246	374
246	434
247	266
247	348
247	453
248	323
249	274
249	333
249	383
249	401
250	267
250	449
251	388
251	447
252	328
252	396
252	464
253	419
253	451
254	349
254	400
254	403
254	455
255	270
256	271
256	307
256	390
256	455
257	352
257	390
258	403
259	310
259	358
260	293
260	387
260	433
261	301
261	337
261	340
261	439
261	443
262	341
262	425
263	274
263	279
263	304
263	401
264	351
264	376
264	382
266	287
267	287
267	298
268	408
268	414
268	425
268	455
269	386
270	322
270	337
271	312
271	371
271	453
272	312
272	344
272	350
273	291
273	305
273	331
273	349
273	381
273	424
273	447
275	310
275	335
275	394
276	283
276	374
276	409
276	446
276	455
277	298
278	365
278	395
279	293
280	334
281	284
281	311
281	315
281	330
281	406
281	428
281	429
282	383
282	420
282	454
282	461
283	317
283	427
283	433
284	389
284	461
285	305
285	371
286	293
286	330
287	325
287	368
287	423
287	464
288	289
288	315
288	371
288	377
288	423
288	459
288	463
289	311
289	391
290	358
291	355
294	357
294	431
295	299
295	325
295	421
296	302
296	382
296	437
296	444
297	342
297	392
298	328
298	338
299	333
299	451
299	464
300	405
300	407
300	436
301	356
301	359
301	393
302	372
303	304
303	399
304	409
305	314
305	420
306	322
306	403
306	439
306	445
306	447
307	367
307	407
307	428
308	346
308	353
309	318
309	439
309	460
310	445
312	348
312	449
313	387
314	383
314	392
314	416
315	348
315	362
316	356
316	394
316	422
316	436
317	425
318	457
319	361
320	347
320	375
320	416
320	442
321	386
321	406
321	420
322	347
322	412
323	416
323	440
323	448
323	451
324	372
324	438
326	335
326	459
327	341
327	350
327	420
327	423
327	443
328	449
328	462
329	439
329	455
330	334
330	422
330	464
331	401
331	402
331	434
333	391
333	407
333	426
334	360
335	349
335	364
335	383
336	353
336	379
337	387
337	438
338	349
338	406
338	459
339	430
340	410
341	344
341	370
341	382
341	432
342	395
342	419
343	376
343	424
344	407
344	419
344	429
345	365
347	357
348	389
348	425
348	428
350	356
350	382
350	421
351	417
351	425
352	411
354	461
355	444
358	360
358	437
359	361
359	439
360	432
360	446
361	434
362	397
362	406
363	369
364	384
364	397
366	410
366	424
367	379
367	404
367	420
367	428
368	387
368	390
368	430
368	446
369	378
369	384
369	400
369	442
369	455
370	389
371	401
371	418
371	435
372	380
372	409
372	445
372	446
373	405
373	411
373	421
373	451
375	407
376	377
378	398
379	415
380	385
380	394
380	434
381	436
382	463
383	411
383	415
383	464
385	402
385	443
385	451
386	397
387	413
387	451
387	455
390	432
390	437
390	453
392	462
399	438
401	403
401	420
401	433
402	404
404	463
405	451
406	449
406	458
407	463
409	418
411	438
412	425
412	448
412	451
414	460
417	430
418	433
422	456
423	444
425	453
426	453
429	435
431	464
433	458
434	448
436	459
437	454
437	464
440	441
440	445
451	462
