1	9
1	11
1	12
1	19
1	26
1	30
1	43
1	156
1	281
1	289
1	339
1	359
1	430
1	456
2	163
2	165
2	299
2	373
2	405
2	432
2	436
2	458
3	14
3	54
3	101
3	115
3	151
3	172
3	182
3	190
3	221
3	236
3	250
3	261
3	352
3	375
3	394
3	408
3	419
3	422
3	424
3	425
3	433
3	440
3	448
4	34
4	42
4	50
4	64
4	65
4	85
4	89
4	91
4	104
4	190
4	207
4	214
4	244
4	291
4	332
4	368
4	419
4	431
4	435
4	436
4	448
4	449
5	23
5	31
5	53
5	60
5	73
5	221
5	232
5	234
5	235
5	244
5	260
5	283
5	298
5	318
5	334
5	346
5	351
5	401
5	412
5	452
6	37
6	75
6	99
6	100
6	167
6	171
6	205
6	236
6	320
6	336
6	345
6	397
6	429
7	36
7	69
7	71
7	104
7	126
7	139
7	144
7	157
7	166
7	188
7	190
7	216
7	225
7	324
7	338
7	366
7	383
7	388
8	38
8	63
8	107
8	120
8	140
8	189
8	216
8	227
8	244
8	263
8	271
8	317
8	334
8	348
8	361
8	373
8	389
8	395
8	429
8	445
8	453
8	459
9	25
9	41
9	62
9	84
9	107
9	147
9	201
9	212
9	221
9	235
9	303
9	308
9	370
9	378
9	447
9	449
9	453
10	12
10	19
10	25
10	76
10	85
10	147
10	158
10	209
10	217
10	245
10	252
10	253
10	266
10	290
10	331
10	344
10	361
10	370
10	401
10	405
10	434
11	27
11	74
11	90
11	93
11	116
11	124
11	125
11	139
11	142
11	148
11	187
11	193
11	201
11	219
11	233
11	246
11	251
11	252
11	273
11	298
11	316
11	347
11	352
11	380
11	383
12	18
12	31
12	43
12	80
12	119
12	162
12	234
12	235
12	255
12	268
12	292
12	352
12	431
12	436
12	451
12	452
13	16
13	31
13	36
13	38
13	66
13	94
13	141
13	167
13	173
13	221
13	236
13	237
13	238
13	258
13	374
13	391
13	409
13	431
13	444
13	459
14	38
14	46
14	71
14	98
14	135
14	150
14	155
14	191
14	192
14	198
14	208
14	217
14	238
14	252
14	275
14	290
14	307
14	349
14	401
14	403
14	434
14	464
15	35
15	54
15	59
15	75
15	98
15	145
15	187
15	197
15	206
15	207
15	213
15	255
15	263
15	297
15	315
15	370
15	392
15	426
15	446
16	32
16	44
16	50
16	51
16	76
16	77
16	84
16	99
16	104
16	129
16	200
16	254
16	291
16	307
16	316
16	337
16	369
16	372
16	405
16	438
16	460
17	29
17	41
17	42
17	46
17	50
17	70
17	100
17	109
17	117
17	126
17	144
17	189
17	220
17	224
17	239
17	270
17	281
17	288
17	324
17	360
17	386
17	414
17	449
18	27
18	48
18	59
18	69
18	100
18	113
18	115
18	124
18	139
18	155
18	171
18	191
18	239
18	282
18	299
18	328
18	335
18	345
18	397
18	407
18	411
18	438
18	448
19	24
19	86
19	123
19	135
19	161
19	165
19	174
19	206
19	266
19	269
19	313
19	325
19	355
19	363
19	414
19	426
19	436
19	452
19	462
20	33
20	41
20	68
20	106
20	115
20	140
20	143
20	145
20	159
20	206
20	224
20	292
20	296
20	315
20	400
20	415
20	428
21	55
21	64
21	73
21	83
21	87
21	111
21	133
21	142
21	162
21	167
21	187
21	210
21	230
21	316
21	413
21	445
21	448
21	460
22	33
22	60
22	68
22	105
22	110
22	122
22	159
22	198
22	254
22	263
22	351
22	365
22	366
22	388
22	400
22	427
22	436
23	46
23	93
23	106
23	117
23	137
23	138
23	169
23	227
23	280
23	317
23	354
23	373
23	439
23	447
24	35
24	39
24	58
24	62
24	91
24	97
24	133
24	156
24	160
24	185
24	189
24	191
24	269
24	322
24	355
24	383
24	415
25	28
25	80
25	127
25	146
25	158
25	186
25	187
25	233
25	252
25	309
25	312
25	326
25	359
25	397
25	412
25	427
25	430
25	440
26	32
26	91
26	103
26	119
26	138
26	187
26	189
26	198
26	204
26	212
26	228
26	267
26	431
26	439
26	453
26	459
27	29
27	51
27	61
27	140
27	215
27	236
27	262
27	266
27	273
27	310
27	343
27	345
27	365
27	388
27	414
27	460
28	46
28	69
28	198
28	203
28	251
28	259
28	298
28	305
28	365
28	393
28	428
28	429
29	45
29	63
29	65
29	80
29	141
29	170
29	172
29	175
29	254
29	280
29	322
29	359
29	366
29	371
29	393
29	409
29	428
30	39
30	44
30	82
30	88
30	115
30	140
30	154
30	161
30	179
30	191
30	211
30	215
30	235
30	258
30	276
30	307
30	382
30	394
30	415
30	428
30	449
30	459
31	110
31	163
31	167
31	210
31	214
31	224
31	229
31	253
31	263
31	297
31	350
31	358
31	377
31	437
31	440
32	42
32	54
32	64
32	74
32	95
32	98
32	133
32	161
32	189
32	195
32	214
32	232
32	268
32	290
32	333
32	368
32	453
33	116
33	160
33	164
33	252
33	298
33	313
33	338
33	339
33	362
33	375
33	395
33	415
33	447
33	463
34	43
34	44
34	59
34	65
34	68
34	123
34	130
34	136
34	137
34	180
34	212
34	257
34	277
34	286
34	298
34	307
34	334
34	358
34	369
34	404
34	414
34	427
34	450
34	453
35	105
35	152
35	157
35	199
35	274
35	279
35	300
35	342
35	396
35	440
36	78
36	134
36	143
36	183
36	207
36	209
36	280
36	285
36	316
36	322
36	326
36	351
36	407
36	434
36	441
37	42
37	65
37	131
37	169
37	172
37	187
37	188
37	199
37	209
37	210
37	238
37	246
37	253
37	314
37	316
37	347
37	415
38	90
38	95
38	141
38	161
38	163
38	185
38	262
38	286
38	309
38	363
38	375
38	381
38	392
38	404
38	448
39	52
39	105
39	130
39	163
39	211
39	229
39	235
39	249
39	264
39	318
39	338
39	341
39	363
39	365
39	372
39	380
39	395
39	407
39	412
39	439
40	41
40	54
40	60
40	74
40	80
40	105
40	120
40	130
40	178
40	190
40	245
40	250
40	269
40	270
40	314
40	429
40	430
40	436
40	448
41	66
41	69
41	81
41	83
41	108
41	126
41	128
41	245
41	258
41	261
41	267
41	276
41	277
41	305
41	309
41	315
41	319
41	323
41	383
41	401
41	407
41	425
41	432
41	448
41	449
42	68
42	101
42	139
42	161
42	195
42	196
42	198
42	203
42	214
42	220
42	225
42	231
42	283
42	314
42	318
42	332
42	340
42	423
42	448
42	453
43	59
43	61
43	72
43	118
43	138
43	140
43	168
43	183
43	190
43	199
43	240
43	242
43	263
43	272
43	285
43	287
43	288
43	289
43	293
43	313
43	354
43	356
43	377
43	445
44	88
44	90
44	110
44	115
44	143
44	145
44	156
44	209
44	239
44	259
44	303
44	364
44	417
44	418
44	436
44	438
44	456
44	457
45	57
45	65
45	82
45	91
45	128
45	129
45	131
45	143
45	173
45	196
45	236
45	267
45	289
45	305
45	316
45	334
45	341
45	347
45	360
45	375
45	397
45	399
45	402
45	406
45	417
45	418
45	421
45	435
45	452
46	157
46	163
46	189
46	199
46	216
46	260
46	273
46	306
46	326
46	343
46	428
47	50
47	97
47	109
47	120
47	123
47	135
47	151
47	172
47	204
47	281
47	325
47	413
47	423
47	443
47	444
48	54
48	57
48	85
48	111
48	130
48	189
48	202
48	220
48	234
48	249
48	270
48	299
48	315
48	330
48	416
48	428
49	62
49	79
49	83
49	94
49	114
49	126
49	148
49	162
49	186
49	216
49	240
49	258
49	265
49	298
49	339
49	343
49	390
49	394
49	398
49	441
49	457
50	80
50	112
50	165
50	176
50	200
50	209
50	217
50	235
50	247
50	259
50	268
50	306
50	318
50	322
50	333
50	348
50	366
50	380
50	393
50	407
50	421
50	426
50	431
50	435
50	459
51	143
51	151
51	153
51	169
51	190
51	222
51	230
51	248
51	287
51	309
51	313
51	328
51	330
51	344
51	369
51	383
51	405
51	419
51	426
51	432
52	57
52	75
52	80
52	88
52	101
52	175
52	188
52	210
52	226
52	235
52	279
52	282
52	294
52	298
52	315
52	319
52	338
52	342
52	352
52	358
52	362
52	364
52	406
52	408
52	418
52	427
52	428
52	435
53	73
53	84
53	92
53	99
53	124
53	152
53	163
53	182
53	227
53	252
53	253
53	303
53	329
53	347
53	348
53	350
53	400
53	438
53	446
54	60
54	77
54	88
54	117
54	179
54	240
54	248
54	265
54	279
54	344
54	355
54	358
54	387
54	442
54	444
54	460
54	461
55	74
55	77
55	93
55	107
55	157
55	193
55	225
55	227
55	233
55	240
55	265
55	274
55	321
55	353
55	360
55	367
55	412
55	427
55	462
56	57
56	72
56	75
56	93
56	108
56	112
56	151
56	171
56	191
56	201
56	213
56	257
56	264
56	286
56	302
56	364
56	388
56	412
56	414
56	423
56	431
57	87
57	105
57	135
57	202
57	204
57	241
57	335
57	338
57	355
57	356
57	410
57	425
57	450
58	71
58	87
58	101
58	136
58	147
58	149
58	158
58	181
58	211
58	251
58	259
58	289
58	316
58	321
58	343
58	376
58	403
58	418
58	435
58	451
59	107
59	152
59	159
59	161
59	164
59	169
59	176
59	226
59	248
59	260
59	291
59	292
59	320
59	333
59	334
59	354
59	358
59	387
59	423
59	442
60	65
60	77
60	115
60	123
60	148
60	181
60	212
60	272
60	308
60	321
60	323
60	336
60	345
60	353
60	403
60	464
61	75
61	100
61	118
61	119
61	175
61	182
61	262
61	271
61	275
61	330
61	429
61	437
61	447
62	121
62	226
62	273
62	349
62	360
62	366
62	367
62	369
62	397
62	435
63	77
63	83
63	91
63	151
63	189
63	194
63	223
63	259
63	303
63	313
63	330
63	345
63	373
63	374
63	377
63	380
63	418
63	438
63	454
64	91
64	112
64	141
64	147
64	153
64	179
64	185
64	216
64	272
64	283
64	292
64	322
64	357
64	400
64	407
64	435
64	438
64	444
64	449
65	73
65	76
65	128
65	188
65	196
65	218
65	220
65	231
65	304
65	310
65	317
65	318
65	324
65	351
65	398
66	76
66	77
66	117
66	146
66	149
66	156
66	219
66	268
66	374
66	379
66	438
66	441
66	463
67	87
67	159
67	178
67	210
67	255
67	272
67	276
67	304
67	317
67	334
67	345
67	346
67	358
67	359
67	361
67	379
67	392
67	437
67	463
68	96
68	101
68	111
68	130
68	138
68	158
68	165
68	200
68	226
68	237
68	279
68	294
68	309
68	354
68	361
68	378
68	464
69	118
69	138
69	187
69	193
69	199
69	260
69	265
69	272
69	290
69	299
69	304
69	308
69	362
69	405
69	415
69	459
70	99
70	104
70	128
70	133
70	187
70	222
70	239
70	290
70	320
70	334
70	377
70	385
70	431
70	450
70	464
71	72
71	73
71	168
71	176
71	193
71	214
71	250
71	276
71	280
71	295
71	298
71	310
71	317
71	331
71	350
71	374
71	403
71	426
71	463
72	101
72	118
72	126
72	133
72	153
72	214
72	243
72	307
72	346
72	365
72	386
72	389
72	413
72	442
73	95
73	100
73	101
73	105
73	126
73	127
73	166
73	173
73	193
73	215
73	255
73	318
73	328
73	392
73	402
73	419
73	454
73	462
74	76
74	89
74	91
74	108
74	111
74	152
74	179
74	205
74	231
74	234
74	243
74	265
74	308
74	317
74	332
74	334
74	355
74	356
74	359
74	382
74	399
75	92
75	154
75	181
75	185
75	187
75	188
75	205
75	234
75	242
75	249
75	250
75	276
75	358
75	436
75	437
76	77
76	90
76	114
76	147
76	150
76	168
76	199
76	227
76	232
76	239
76	240
76	242
76	244
76	246
76	250
76	273
76	287
76	352
76	355
76	364
76	371
76	396
76	419
76	429
76	432
76	435
76	453
76	454
76	458
76	464
77	146
77	155
77	216
77	217
77	228
77	236
77	248
77	253
77	322
77	323
77	331
77	346
77	384
77	406
77	413
77	429
77	450
78	83
78	125
78	141
78	152
78	164
78	172
78	230
78	260
78	307
78	311
78	361
78	391
78	395
78	433
78	439
79	82
79	94
79	103
79	110
79	174
79	228
79	244
79	258
79	259
79	260
79	301
79	302
79	310
79	355
79	361
79	362
79	396
79	405
79	406
79	412
79	426
79	448
79	462
80	87
80	94
80	120
80	122
80	131
80	135
80	147
80	154
80	172
80	199
80	214
80	239
80	322
80	355
80	365
80	384
80	450
80	459
81	82
81	87
81	101
81	156
81	205
81	225
81	242
81	264
81	266
81	299
81	310
81	339
81	398
81	411
81	417
81	451
81	461
82	87
82	108
82	137
82	147
82	172
82	194
82	201
82	225
82	259
82	290
82	319
82	330
82	341
82	356
82	363
82	417
82	420
82	434
83	135
83	167
83	189
83	210
83	232
83	239
83	243
83	244
83	283
83	301
83	311
83	329
83	353
83	402
84	125
84	126
84	131
84	151
84	198
84	199
84	228
84	232
84	234
84	239
84	330
84	356
84	386
84	387
84	410
85	104
85	118
85	126
85	150
85	151
85	163
85	164
85	217
85	286
85	302
85	339
85	343
85	348
85	360
85	364
85	418
85	433
85	437
85	438
85	439
86	135
86	151
86	153
86	186
86	203
86	205
86	213
86	217
86	230
86	280
86	305
86	310
86	344
86	355
86	379
86	410
86	464
87	100
87	103
87	133
87	159
87	169
87	184
87	261
87	269
87	270
87	285
87	293
87	303
87	308
87	359
87	410
87	447
87	456
87	461
88	103
88	114
88	125
88	142
88	214
88	248
88	263
88	298
88	327
88	351
88	371
88	407
88	461
89	108
89	118
89	126
89	131
89	163
89	185
89	201
89	221
89	272
89	274
89	292
89	295
89	351
89	411
89	459
90	112
90	125
90	152
90	218
90	234
90	239
90	286
90	301
90	354
90	371
90	438
90	452
90	459
91	110
91	138
91	158
91	162
91	166
91	171
91	177
91	179
91	198
91	245
91	328
91	339
91	376
91	377
92	117
92	127
92	187
92	204
92	236
92	252
92	307
92	323
92	339
92	342
92	378
92	395
92	400
92	412
92	414
92	415
92	441
93	122
93	144
93	146
93	156
93	159
93	179
93	180
93	225
93	232
93	257
93	273
93	279
93	301
93	302
93	318
93	351
93	385
93	399
93	406
94	105
94	123
94	155
94	172
94	195
94	201
94	249
94	258
94	261
94	264
94	339
94	351
94	382
94	398
94	421
95	103
95	109
95	125
95	141
95	155
95	173
95	206
95	226
95	229
95	231
95	247
95	285
95	304
95	314
95	365
95	371
95	376
95	434
95	455
96	114
96	123
96	125
96	189
96	195
96	221
96	299
96	350
96	353
96	392
96	394
96	398
96	422
96	434
96	445
97	108
97	179
97	229
97	254
97	277
97	282
97	355
97	376
97	383
97	395
97	414
97	424
97	427
97	437
98	113
98	114
98	147
98	155
98	166
98	186
98	190
98	195
98	201
98	238
98	243
98	287
98	364
98	367
98	384
98	388
98	389
98	462
99	118
99	133
99	160
99	184
99	221
99	229
99	244
99	254
99	275
99	328
99	340
99	366
99	391
99	402
99	420
99	421
99	447
99	451
99	464
100	105
100	115
100	158
100	245
100	246
100	252
100	253
100	277
100	302
100	335
100	453
100	455
101	107
101	126
101	128
101	135
101	155
101	167
101	194
101	204
101	208
101	252
101	269
101	274
101	326
101	328
101	349
101	360
101	415
102	175
102	212
102	216
102	241
102	257
102	263
102	301
102	304
102	370
102	414
102	416
102	447
102	464
103	111
103	134
103	137
103	143
103	145
103	167
103	236
103	268
103	272
103	277
103	306
103	309
103	312
103	397
103	404
103	410
103	435
104	107
104	108
104	123
104	142
104	145
104	148
104	152
104	156
104	168
104	188
104	223
104	237
104	259
104	296
104	301
104	305
104	324
104	326
104	336
104	355
104	367
104	377
104	413
104	456
105	145
105	168
105	182
105	227
105	266
105	299
105	344
105	345
105	379
105	381
105	390
105	405
105	407
105	412
105	440
105	457
106	114
106	154
106	179
106	213
106	227
106	245
106	258
106	278
106	292
106	298
106	308
106	318
106	340
106	362
106	363
106	388
106	400
106	404
106	424
106	428
106	441
106	460
107	154
107	180
107	223
107	241
107	275
107	295
107	313
107	400
107	440
107	445
107	449
107	452
108	139
108	144
108	173
108	190
108	201
108	203
108	277
108	344
108	388
108	441
108	451
109	117
109	119
109	121
109	127
109	134
109	135
109	151
109	158
109	163
109	187
109	197
109	225
109	236
109	253
109	284
109	348
109	372
109	375
110	123
110	169
110	197
110	199
110	247
110	260
110	274
110	292
110	395
110	431
110	447
111	113
111	179
111	199
111	226
111	248
111	259
111	330
111	331
111	394
111	416
111	441
111	463
112	147
112	153
112	156
112	216
112	223
112	225
112	258
112	260
112	273
112	275
112	284
112	293
112	318
112	393
112	417
112	447
112	460
113	135
113	167
113	226
113	312
113	352
113	368
113	376
113	413
113	426
113	433
113	457
114	131
114	165
114	187
114	207
114	211
114	217
114	238
114	265
114	346
114	369
114	401
114	434
114	445
114	449
115	156
115	160
115	168
115	170
115	173
115	182
115	203
115	211
115	275
115	284
115	333
115	357
115	370
115	373
115	439
115	450
116	215
116	229
116	238
116	254
116	298
116	299
116	303
116	314
116	344
116	360
116	446
117	132
117	134
117	136
117	178
117	215
117	286
117	294
117	331
117	341
117	342
117	359
117	401
117	451
117	464
118	131
118	136
118	139
118	170
118	201
118	225
118	235
118	251
118	257
118	262
118	301
118	345
118	358
118	397
118	459
119	128
119	162
119	169
119	173
119	213
119	274
119	276
119	296
119	313
119	366
119	370
119	372
119	420
119	449
119	457
119	459
120	171
120	263
120	375
121	146
121	179
121	187
121	199
121	209
121	221
121	235
121	286
121	323
121	356
121	366
121	400
121	407
121	455
122	131
122	135
122	160
122	199
122	236
122	241
122	255
122	270
122	294
122	315
122	328
122	338
122	370
122	403
122	410
122	422
123	136
123	147
123	153
123	154
123	183
123	189
123	203
123	212
123	224
123	244
123	289
123	316
123	317
123	319
123	349
123	394
123	396
123	398
123	431
124	165
124	196
124	209
124	216
124	263
124	268
124	319
124	346
124	386
124	399
124	426
124	429
124	436
125	132
125	237
125	266
125	301
125	307
125	308
125	327
125	389
125	424
125	440
125	444
126	139
126	150
126	183
126	196
126	217
126	247
126	253
126	254
126	263
126	280
126	311
126	328
126	329
126	341
126	350
126	383
126	411
126	441
127	182
127	246
127	279
127	280
127	290
127	355
127	386
127	428
128	139
128	211
128	212
128	282
128	286
128	306
128	307
128	321
128	328
128	342
128	357
128	371
128	386
128	393
128	406
128	409
128	414
128	424
129	173
129	184
129	217
129	225
129	230
129	237
129	245
129	252
129	270
129	298
129	304
129	309
129	346
129	412
129	427
129	432
129	436
129	462
130	146
130	149
130	152
130	176
130	187
130	205
130	213
130	220
130	221
130	224
130	227
130	230
130	234
130	273
130	277
130	347
130	380
130	398
130	415
130	418
130	432
130	434
131	132
131	203
131	238
131	242
131	293
131	351
131	354
131	359
131	432
132	165
132	188
132	191
132	203
132	212
132	257
132	288
132	292
132	295
132	297
132	302
132	317
132	339
132	346
132	372
132	383
132	392
132	416
132	417
132	418
132	434
132	445
133	152
133	165
133	224
133	305
133	358
133	363
133	387
133	403
133	419
133	433
133	462
134	135
134	182
134	244
134	269
134	300
134	301
134	328
134	335
134	424
135	184
135	191
135	229
135	234
135	237
135	336
135	338
135	349
135	367
135	407
135	412
135	431
136	143
136	197
136	227
136	272
136	289
136	290
136	380
136	393
137	154
137	281
137	442
138	155
138	162
138	167
138	175
138	218
138	233
138	268
138	349
138	367
138	370
138	409
138	427
138	432
138	435
138	463
139	220
139	281
139	285
139	288
139	309
139	325
139	340
139	348
139	350
139	360
139	362
139	364
139	417
139	426
139	434
139	444
140	145
140	190
140	213
140	215
140	230
140	310
140	348
140	353
140	357
140	382
140	397
140	456
141	211
141	219
141	224
141	293
141	308
141	320
141	363
141	385
141	397
141	424
142	161
142	232
142	263
142	265
142	298
142	299
142	310
142	348
142	365
142	373
142	374
142	378
142	380
142	399
142	406
142	423
142	424
142	431
143	150
143	181
143	197
143	222
143	247
143	252
143	263
143	275
143	326
143	397
143	398
143	415
143	421
143	428
143	443
143	454
143	463
144	160
144	201
144	217
144	239
144	258
144	263
144	264
144	283
144	295
144	308
144	387
144	415
144	429
144	463
145	207
145	226
145	238
145	268
145	286
145	287
145	291
145	299
145	317
145	368
145	377
145	385
145	410
146	154
146	171
146	247
146	259
146	264
146	303
146	338
146	339
146	345
146	379
146	394
146	413
146	420
146	421
146	435
146	446
146	448
146	456
147	149
147	184
147	207
147	209
147	210
147	215
147	242
147	268
147	286
147	367
148	155
148	172
148	183
148	194
148	199
148	214
148	275
148	304
148	326
148	359
148	374
148	406
148	424
148	447
149	158
149	161
149	173
149	199
149	223
149	226
149	247
149	267
149	272
149	278
149	283
149	327
149	348
149	368
149	378
149	382
149	400
149	412
149	414
149	429
149	452
150	169
150	182
150	194
150	201
150	223
150	246
150	290
150	318
150	348
150	405
150	449
151	159
151	189
151	202
151	213
151	218
151	232
151	238
151	245
151	283
151	287
151	289
151	322
151	358
151	369
151	378
151	390
151	393
151	413
151	441
151	457
152	154
152	186
152	190
152	204
152	216
152	257
152	337
152	340
152	363
152	394
152	403
152	444
152	464
153	170
153	197
153	205
153	237
153	258
153	271
153	274
153	287
153	313
153	315
153	380
153	381
153	387
153	397
153	398
153	402
154	165
154	180
154	183
154	210
154	241
154	302
154	304
154	318
154	378
154	384
154	405
154	428
155	182
155	197
155	205
155	223
155	231
155	268
155	280
155	287
155	322
156	160
156	161
156	186
156	267
156	333
156	344
156	372
157	170
157	226
157	270
157	285
157	363
157	412
157	427
157	455
158	202
158	300
158	302
158	353
158	355
158	403
158	418
158	429
158	445
159	169
159	212
159	217
159	312
159	325
159	344
159	387
159	403
159	411
159	415
159	447
160	198
160	199
160	217
160	227
160	247
160	255
160	272
160	277
160	297
160	337
160	357
160	388
160	423
160	424
161	167
161	185
161	209
161	244
161	245
161	288
161	325
161	336
161	352
161	361
161	368
161	370
161	405
161	423
162	220
162	225
162	271
162	291
162	298
162	305
162	333
162	347
162	353
162	359
162	409
162	411
163	178
163	184
163	212
163	236
163	251
163	313
163	322
163	336
163	337
163	354
163	376
163	380
163	400
163	414
163	431
163	464
164	172
164	179
164	190
164	229
164	241
164	257
164	271
164	299
164	314
164	384
164	392
164	435
165	172
165	192
165	207
165	218
165	251
165	276
165	307
165	312
165	338
165	371
165	374
165	432
165	443
166	181
166	201
166	225
166	228
166	293
166	314
166	336
166	338
166	389
166	426
166	427
166	437
166	438
167	181
167	187
167	198
167	219
167	236
167	239
167	251
167	263
167	269
167	286
167	295
167	305
167	330
167	380
167	384
168	188
168	204
168	209
168	230
168	239
168	241
168	261
168	318
168	364
168	374
168	406
168	412
168	417
168	428
169	180
169	186
169	206
169	221
169	244
169	261
169	262
169	264
169	327
169	328
169	339
169	341
169	345
169	389
169	440
170	173
170	204
170	207
170	225
170	283
170	299
170	306
170	393
170	401
170	411
170	417
170	431
171	205
171	206
171	235
171	250
171	255
171	329
171	347
171	363
171	376
171	411
171	417
171	461
172	187
172	231
172	261
172	279
172	307
172	326
172	343
172	345
172	380
172	384
172	418
173	209
173	214
173	232
173	245
173	260
173	293
173	330
173	350
173	379
173	400
173	424
173	443
173	456
173	461
173	462
174	181
174	216
174	233
174	252
174	257
174	278
174	281
174	322
174	340
174	352
174	410
174	413
174	428
175	200
175	247
175	267
175	292
175	322
175	349
175	421
175	431
176	217
176	241
176	251
176	275
176	315
176	316
176	335
176	340
176	343
176	348
176	357
176	359
176	382
176	412
176	414
176	416
176	425
176	449
176	464
177	201
177	220
177	225
177	294
177	366
177	374
177	406
177	450
177	464
178	193
178	211
178	223
178	228
178	284
178	291
178	299
178	320
178	337
178	339
178	347
178	364
178	394
178	396
178	456
179	196
179	205
179	222
179	241
179	265
179	294
179	324
179	331
179	335
179	405
179	408
179	422
179	427
179	436
180	191
180	196
180	216
180	224
180	235
180	300
180	303
180	351
180	401
180	403
180	405
180	412
180	425
180	444
180	463
181	186
181	187
181	200
181	216
181	217
181	276
181	286
181	301
181	304
181	307
181	315
181	331
181	348
181	350
181	371
181	377
181	444
181	449
182	185
182	188
182	202
182	205
182	222
182	270
182	291
182	377
182	378
182	385
182	392
182	394
182	420
182	431
182	451
183	218
183	242
183	288
183	309
183	391
183	401
183	422
183	432
183	441
183	462
184	208
184	238
184	239
184	243
184	254
184	282
184	306
184	336
184	386
184	409
184	419
184	441
184	442
184	459
185	210
185	269
185	270
185	273
185	283
185	284
185	313
185	389
185	401
185	430
186	203
186	223
186	225
186	232
186	239
186	252
186	329
186	350
186	360
186	367
186	421
186	455
187	256
187	270
187	299
187	340
187	376
187	406
187	413
187	418
187	419
188	198
188	199
188	226
188	234
188	284
188	334
188	358
188	361
188	373
188	376
188	389
188	414
188	423
188	448
189	195
189	207
189	228
189	247
189	275
189	291
189	319
189	321
189	363
189	372
189	406
190	225
190	242
190	353
190	370
190	379
190	418
190	456
190	457
190	459
191	286
191	321
191	421
191	430
191	436
191	458
191	464
192	196
192	197
192	280
192	288
192	289
192	291
192	298
192	322
192	329
192	353
192	357
192	393
192	434
192	444
193	211
193	255
193	256
193	261
193	273
193	287
193	295
193	386
193	389
193	399
193	441
193	455
194	202
194	248
194	267
194	310
194	396
194	448
195	230
195	270
195	329
195	389
195	403
195	417
195	427
195	440
195	451
195	457
195	460
196	209
196	239
196	280
196	309
196	334
196	336
196	394
196	421
196	448
197	216
197	260
197	301
197	321
197	330
197	354
197	371
197	384
197	395
197	463
198	213
198	217
198	223
198	287
198	345
198	346
198	386
198	410
198	456
199	205
199	227
199	268
199	330
199	342
199	352
199	426
199	449
200	207
200	220
200	248
200	282
200	312
200	430
200	432
200	433
200	452
200	453
201	229
201	255
201	318
201	328
201	342
201	362
201	395
201	424
201	426
201	445
202	213
202	277
202	282
202	317
202	327
202	358
202	361
202	399
202	434
202	464
203	209
203	235
203	260
203	299
203	334
203	359
203	387
203	391
203	434
204	246
204	249
204	258
204	267
204	337
204	348
204	406
204	407
204	408
205	234
205	244
205	275
205	278
205	287
205	292
205	315
205	322
205	365
205	407
205	437
206	211
206	213
206	221
206	223
206	225
206	231
206	253
206	284
206	299
206	301
206	318
206	324
206	332
206	349
206	394
206	401
206	439
206	451
207	209
207	235
207	247
207	271
207	322
207	323
207	334
207	358
207	408
207	413
207	435
207	453
207	456
208	224
208	281
208	289
208	294
208	305
208	312
208	321
208	328
208	354
208	384
208	440
209	217
209	222
209	259
209	273
209	281
209	308
209	431
209	450
209	455
210	238
210	254
210	259
210	289
210	292
210	307
210	335
210	339
210	396
210	411
210	435
210	445
211	297
211	318
211	347
211	355
211	392
211	409
211	460
212	245
212	295
212	302
212	315
212	319
212	323
212	353
212	360
212	369
212	373
212	423
212	435
212	436
212	459
213	239
213	257
213	280
213	310
213	324
213	340
213	389
213	399
213	425
214	242
214	254
214	256
214	270
214	281
214	302
214	322
214	353
214	373
214	383
214	409
214	417
214	430
214	438
215	269
215	280
215	288
215	305
215	419
215	427
215	434
215	451
216	223
216	228
216	277
216	287
216	301
216	305
216	313
216	328
216	330
216	351
216	357
216	392
216	418
216	423
217	249
217	269
217	277
217	283
217	297
217	341
217	347
217	359
217	370
217	413
217	456
218	241
218	242
218	360
218	361
218	364
218	365
218	411
218	455
219	236
219	267
219	275
219	282
219	284
219	313
219	319
219	331
219	339
219	375
219	379
219	380
219	391
219	405
219	435
219	437
220	221
220	233
220	325
220	340
220	357
220	359
221	232
221	258
221	274
221	290
221	291
221	320
221	385
221	455
222	259
222	263
222	268
222	286
222	364
222	368
222	463
223	231
223	243
223	270
223	296
223	302
223	304
223	324
223	336
223	387
223	388
223	445
224	231
224	252
224	255
224	321
224	376
224	418
224	425
224	458
224	464
225	226
225	246
225	257
225	286
225	318
225	326
225	388
225	434
225	435
225	439
225	442
226	270
226	279
226	285
226	294
226	312
226	367
226	380
226	398
226	408
226	420
226	430
226	436
226	441
226	451
227	229
227	257
227	292
227	311
227	318
227	324
227	330
227	362
227	368
227	376
227	392
228	235
228	241
228	247
228	310
228	335
228	344
228	354
228	375
228	421
228	423
228	432
229	254
229	304
229	314
229	315
229	319
229	329
229	333
229	335
229	376
229	379
229	380
229	428
229	436
229	441
230	239
230	284
230	291
230	331
230	333
230	380
230	386
230	395
230	406
230	426
230	455
231	282
231	287
231	305
231	355
231	387
231	443
231	462
232	283
232	290
232	299
232	351
232	384
232	394
232	411
232	412
232	433
232	440
232	443
233	235
233	269
233	339
233	360
233	362
233	375
233	424
233	452
233	454
234	252
234	306
234	402
234	407
234	411
234	432
234	444
234	462
235	290
235	309
235	341
235	375
235	393
235	431
235	442
235	444
235	447
235	454
235	461
236	255
236	328
236	340
236	352
236	380
236	395
236	396
236	410
236	442
236	445
236	464
237	246
237	276
237	291
237	295
237	350
237	367
237	375
237	408
237	418
237	422
237	432
237	433
237	450
237	456
237	460
238	269
238	273
238	286
238	326
238	354
238	356
238	390
238	424
238	448
239	248
239	259
239	264
239	319
239	330
239	343
239	364
239	369
239	390
239	400
240	300
240	353
240	376
240	378
240	387
240	395
240	397
240	458
241	260
241	305
241	326
241	376
241	398
241	411
241	438
241	443
241	454
242	281
242	285
242	298
242	361
242	366
242	386
242	387
242	409
242	426
242	433
242	446
242	458
243	251
243	306
243	309
243	320
243	322
243	329
243	368
243	426
244	280
244	281
244	311
244	330
244	391
244	399
244	401
244	434
244	451
245	291
245	303
245	312
245	318
245	358
245	376
245	380
245	381
245	397
245	458
246	250
246	261
246	278
246	280
246	281
246	325
246	326
246	344
246	398
246	439
246	458
246	459
247	267
247	283
247	361
247	368
247	373
247	406
247	423
247	439
247	451
247	453
248	279
248	289
248	345
248	359
248	363
248	376
248	419
248	421
248	439
249	251
249	252
249	268
249	278
249	308
249	309
249	313
249	316
249	370
249	385
250	254
250	255
250	257
250	259
250	275
250	322
250	325
250	357
250	363
250	369
250	371
250	392
250	409
250	422
250	443
251	256
251	257
251	324
251	342
251	357
251	364
251	365
251	374
251	406
251	416
251	418
251	421
251	440
251	452
252	272
252	316
252	347
252	356
252	365
252	405
252	435
253	258
253	313
253	350
254	255
254	340
254	419
254	427
254	454
254	456
255	273
255	285
255	301
255	304
255	326
255	350
255	351
255	357
255	358
255	359
255	382
255	403
255	431
255	450
256	280
256	309
256	331
256	336
256	360
256	369
256	372
256	397
256	409
256	453
257	269
257	301
257	328
257	336
257	358
257	360
257	400
257	405
257	409
257	425
257	433
257	436
257	444
257	458
258	341
258	351
258	353
258	355
258	358
258	368
258	420
259	291
259	322
259	324
259	368
259	434
260	303
260	330
260	413
260	420
260	425
260	449
261	272
261	276
261	295
261	354
261	395
261	402
261	455
261	457
262	265
262	279
262	282
262	290
262	309
262	324
262	347
262	351
262	391
262	401
262	422
262	426
263	312
263	317
263	339
263	341
263	360
263	372
263	374
263	404
263	422
263	438
263	464
264	299
264	317
264	321
264	349
264	353
264	354
264	385
264	391
264	396
265	275
265	278
265	288
265	292
265	346
265	368
266	284
266	333
266	355
266	367
266	369
266	385
266	386
266	421
266	460
267	281
267	323
267	327
267	427
267	434
268	277
268	305
268	323
268	328
268	342
268	343
268	419
269	294
269	305
269	329
269	379
269	422
269	433
269	458
270	275
270	280
270	325
270	357
270	363
270	375
270	384
270	393
270	394
270	415
270	421
270	458
271	309
271	310
271	313
271	344
271	392
271	461
272	288
272	298
272	324
272	376
272	410
272	442
272	446
272	453
273	281
273	285
273	311
273	317
273	328
273	363
273	412
273	463
274	331
274	360
274	370
274	373
274	401
274	421
274	422
274	428
275	306
275	309
275	369
275	376
275	382
275	427
275	439
276	282
276	286
276	323
276	330
276	413
276	428
276	438
276	444
277	290
277	292
277	293
277	343
277	359
277	369
277	372
277	464
278	279
278	283
278	284
278	315
278	348
278	351
278	396
278	424
278	434
278	456
279	281
279	296
279	332
279	338
279	345
279	347
279	352
279	379
279	421
279	432
279	440
279	449
279	458
280	342
280	352
280	407
280	453
281	302
281	310
281	393
281	396
281	403
281	420
281	431
281	462
282	326
282	329
282	349
282	375
282	377
282	382
282	411
282	425
282	435
282	441
283	309
283	316
283	342
283	347
283	379
283	392
283	397
283	461
284	325
284	430
285	299
285	322
285	324
285	350
285	376
285	448
286	304
286	336
286	350
286	375
286	381
286	389
286	404
287	325
287	334
287	362
287	375
287	402
287	412
287	428
287	459
288	331
288	346
288	407
288	425
288	442
289	302
289	330
289	376
289	383
289	401
289	413
289	423
289	444
289	445
289	449
290	322
290	325
290	398
290	401
290	420
290	430
290	464
291	292
291	328
291	387
291	422
291	433
292	328
292	420
292	459
293	299
293	321
293	335
293	337
293	339
293	364
293	373
293	417
293	440
293	451
294	300
294	301
294	302
294	308
294	319
294	328
294	359
294	391
294	399
294	413
294	428
295	297
295	298
295	397
295	400
295	407
295	443
295	448
296	365
296	369
296	411
296	438
296	439
296	441
297	354
297	440
297	458
298	310
298	322
298	336
298	373
298	380
298	398
298	456
299	326
299	345
299	411
300	310
300	323
300	347
300	361
300	364
300	369
300	388
300	395
300	428
301	344
301	347
301	369
301	403
301	412
301	424
301	442
301	456
302	307
302	369
302	414
302	427
302	437
303	329
303	380
303	400
303	411
303	418
303	427
304	305
304	309
304	317
304	318
304	384
304	448
305	335
305	337
305	346
305	358
305	367
305	386
305	422
305	450
306	323
306	350
306	354
306	380
306	383
306	389
306	420
306	426
306	459
307	360
307	419
307	434
307	437
307	441
308	333
308	350
308	364
308	372
308	384
308	409
309	335
309	336
309	345
309	346
309	358
309	394
309	454
310	335
310	373
310	391
310	425
310	437
310	453
310	463
311	312
311	363
311	374
311	380
311	416
311	420
311	423
311	434
311	448
311	460
312	367
312	390
312	402
312	412
312	454
312	463
313	317
313	357
313	363
313	364
313	407
313	431
313	445
313	451
313	460
313	464
314	331
314	340
314	345
314	357
314	374
314	402
314	411
314	460
315	334
315	342
315	347
315	372
315	391
315	411
315	421
315	422
315	425
315	430
315	434
315	454
316	323
316	349
316	442
316	443
317	336
317	359
318	321
318	432
318	434
318	435
319	346
319	354
319	357
319	378
319	413
319	460
320	335
320	344
320	399
320	405
320	444
321	328
321	375
321	399
321	407
321	432
322	336
322	338
322	368
322	385
322	450
322	455
323	389
323	415
323	432
323	442
323	451
324	355
324	377
324	395
324	435
325	347
325	359
325	460
326	327
326	333
326	427
326	439
327	332
327	340
327	364
327	371
327	386
327	390
327	397
327	402
327	462
328	333
328	375
328	377
328	396
328	406
328	438
329	334
329	360
329	408
330	390
330	410
331	359
331	387
331	390
331	410
331	426
331	427
331	430
332	340
332	353
332	364
332	374
333	338
333	366
333	379
333	380
333	390
333	403
333	429
333	450
334	344
334	364
334	370
334	421
335	344
335	348
335	351
335	363
335	388
336	346
336	371
336	376
336	380
336	391
336	417
336	418
336	431
336	436
336	460
337	427
337	452
338	361
338	368
338	404
338	420
339	394
339	446
340	367
340	459
341	376
341	389
341	398
341	402
341	417
341	420
342	360
342	362
342	364
342	376
342	380
342	404
342	415
343	353
343	384
343	385
343	386
343	401
343	408
343	415
343	441
344	348
344	368
344	372
344	383
344	406
344	439
344	456
344	463
345	387
345	418
345	454
346	352
346	353
346	359
346	376
346	415
346	429
346	431
347	351
347	364
347	374
347	408
348	358
348	377
348	399
348	417
348	427
349	351
349	356
349	375
349	378
349	389
349	395
349	401
349	437
349	439
349	450
350	368
350	376
350	428
350	452
351	354
351	369
351	376
351	395
351	409
351	463
352	370
352	385
352	421
352	422
353	354
353	383
353	406
353	443
353	459
354	382
354	390
354	402
354	451
354	459
355	377
355	415
355	438
355	463
356	364
356	366
356	368
356	383
357	361
357	369
357	386
357	418
357	457
357	458
358	387
358	414
358	422
359	364
359	374
359	378
359	391
359	394
359	395
359	406
359	417
359	426
359	440
359	443
360	422
360	439
360	452
360	453
360	456
360	464
361	372
361	393
361	397
361	398
361	439
361	445
362	378
362	415
362	462
363	383
363	389
363	414
363	426
363	456
363	464
364	391
364	422
364	444
364	458
365	366
365	372
365	410
365	434
366	375
366	380
366	413
366	417
366	428
366	432
366	460
367	374
367	377
367	441
368	374
368	384
368	395
368	398
368	452
368	459
368	464
369	377
369	380
369	383
369	385
369	396
369	410
369	434
369	441
369	458
370	384
370	391
370	462
371	376
371	379
371	382
371	386
371	401
371	414
371	427
371	451
372	457
373	381
373	393
373	411
373	415
373	421
373	426
374	431
374	460
375	383
375	406
375	459
375	463
376	389
376	395
376	411
377	398
377	424
377	429
377	434
377	441
377	448
378	395
378	405
378	416
378	433
378	437
378	464
379	384
379	403
380	404
381	385
381	402
381	446
381	460
382	383
382	405
382	434
383	396
383	437
383	444
384	395
384	415
386	442
386	447
387	406
387	426
387	442
387	463
388	389
388	394
388	400
388	401
388	408
388	421
388	457
388	462
389	397
389	413
389	439
389	452
390	424
390	442
390	445
390	452
390	456
391	400
391	407
391	408
391	415
391	426
391	434
391	437
392	426
392	444
393	404
393	426
394	412
394	423
394	463
395	401
395	415
395	447
395	449
395	454
396	400
396	459
397	427
397	437
398	403
398	410
398	411
398	427
398	446
399	421
399	423
399	429
399	444
399	457
400	406
400	409
400	433
401	421
403	426
403	432
403	438
403	441
403	458
404	412
404	464
405	414
405	455
406	453
407	437
408	429
409	412
409	447
410	419
410	446
410	461
410	463
411	412
411	447
412	423
413	414
413	418
413	450
414	435
414	437
415	421
415	433
416	464
418	434
418	455
418	460
419	457
420	428
420	429
420	430
420	463
423	431
424	430
424	447
424	454
427	431
427	455
429	431
429	449
429	454
429	458
430	451
430	459
430	462
431	451
432	433
433	449
434	455
437	446
438	443
438	447
442	443
442	447
442	463
443	462
444	449
444	454
445	457
446	460
447	455
448	451
448	457
453	464
454	464
455	459
456	460
