1	60
1	248
1	343
1	344
1	390
1	398
2	195
2	197
2	206
2	243
2	249
2	281
2	424
2	427
2	443
3	28
3	73
3	121
3	142
3	280
3	284
3	286
3	304
3	395
3	412
4	82
4	97
4	113
4	151
4	271
4	336
4	416
4	426
5	81
5	147
5	233
5	234
5	296
6	92
6	108
6	194
6	195
6	200
6	240
6	373
7	94
7	217
7	244
8	114
8	180
8	288
8	344
8	353
8	449
9	80
9	164
9	314
9	434
10	15
10	46
10	98
10	215
10	314
10	450
11	81
11	180
11	194
11	269
11	390
11	394
11	397
12	63
12	94
12	186
12	277
12	453
13	108
13	125
13	133
13	192
13	195
13	209
13	263
13	327
13	431
14	81
14	169
14	348
14	358
14	378
15	30
15	180
15	254
15	337
15	340
16	110
16	335
17	41
17	62
17	66
17	195
17	196
17	199
17	230
17	275
17	295
17	297
17	393
18	218
18	235
18	241
18	265
18	291
18	429
19	23
19	25
19	82
19	185
19	206
19	247
19	285
19	288
19	326
19	356
19	403
19	435
20	313
20	319
21	62
21	175
21	312
22	39
22	56
22	122
23	120
23	180
23	187
23	396
24	84
24	143
24	166
24	208
24	228
24	279
24	342
24	427
24	433
25	92
25	116
25	130
25	154
25	199
25	296
25	346
25	381
25	456
26	41
26	206
26	257
26	288
26	341
26	416
27	159
27	335
27	340
27	347
27	367
27	394
27	395
27	409
28	72
28	218
28	252
28	271
28	307
28	345
28	444
29	204
29	217
29	254
29	296
29	357
29	361
29	419
29	422
30	96
30	371
31	88
31	130
31	183
31	191
31	210
31	303
31	306
31	368
31	410
32	127
32	166
32	459
32	463
33	88
33	295
34	67
34	199
34	298
34	332
34	351
34	373
34	379
34	440
34	450
35	90
35	143
35	219
35	313
35	341
35	357
35	374
36	121
36	339
37	89
37	159
37	264
37	383
38	141
38	171
38	182
38	251
38	271
38	436
38	443
39	80
39	282
39	290
39	312
39	314
39	382
40	49
40	93
40	178
40	351
40	384
40	399
40	416
41	58
41	84
41	101
41	117
41	119
41	167
41	294
41	307
41	354
41	369
41	401
42	244
42	351
42	383
42	463
43	72
43	93
43	121
43	135
43	174
43	246
43	444
43	454
44	105
44	141
44	176
44	186
44	251
44	267
44	329
44	343
44	390
44	434
44	460
44	462
45	92
45	112
45	181
45	248
45	270
45	389
45	415
45	451
46	293
46	301
46	349
46	410
46	415
46	419
47	126
47	134
47	170
47	217
47	246
47	298
47	305
47	311
47	375
47	453
48	51
48	82
48	118
48	126
48	178
48	237
48	326
48	380
48	455
49	359
49	368
49	417
50	127
50	129
50	240
50	274
50	355
50	367
50	370
50	372
51	100
51	123
51	146
51	223
51	274
51	334
51	401
52	168
52	180
52	189
52	246
52	432
53	84
53	222
53	256
53	290
53	309
53	429
53	447
53	464
54	64
54	165
54	276
54	312
54	365
55	207
55	237
55	331
55	364
55	369
56	75
56	174
56	180
56	319
56	335
56	348
56	372
56	460
57	240
57	287
57	315
58	61
58	65
58	104
58	152
58	162
58	195
58	345
59	237
59	333
59	351
59	356
59	386
59	398
60	84
60	101
60	309
60	313
60	396
61	74
61	191
61	214
61	243
61	346
61	413
62	124
62	125
62	186
62	276
62	344
62	434
62	445
63	168
63	354
63	428
64	108
64	143
64	347
64	459
65	236
65	255
65	268
65	284
65	396
65	434
66	67
66	110
66	112
66	158
66	186
66	247
66	258
66	382
66	432
67	93
67	158
67	240
67	252
68	107
68	111
68	134
68	278
68	364
68	366
68	395
69	217
69	269
69	287
69	375
69	426
70	117
70	132
70	158
70	193
70	209
70	241
70	352
70	355
70	372
70	402
70	433
71	114
71	124
71	156
71	219
71	270
71	339
71	394
71	429
72	139
72	174
72	194
72	203
72	259
72	291
72	298
72	349
72	442
73	86
73	97
73	118
73	157
73	170
73	243
73	244
73	246
73	296
73	370
73	464
74	84
74	92
74	110
74	287
74	314
74	426
75	84
75	141
75	277
75	333
75	394
75	444
76	155
76	219
76	239
76	376
76	391
77	87
77	250
77	263
77	358
77	436
78	142
78	145
78	253
78	306
78	326
78	361
79	85
79	170
79	246
79	432
80	154
80	156
80	197
80	287
80	315
80	366
81	144
81	147
81	238
81	322
81	413
82	135
82	163
82	212
82	412
82	433
82	448
83	145
83	217
83	244
83	375
83	388
83	402
83	421
83	455
83	456
84	91
84	130
84	175
84	229
84	382
84	390
84	433
84	438
85	135
85	153
85	242
85	297
85	303
85	330
85	437
86	299
86	334
86	417
86	449
87	243
87	341
87	349
87	399
87	432
88	128
88	231
88	250
88	302
88	349
89	186
89	279
89	386
89	397
89	418
90	275
90	382
91	171
91	238
91	295
92	219
92	300
92	302
92	304
92	316
92	340
92	348
92	360
92	363
92	385
93	101
93	114
93	149
93	162
93	362
94	104
94	129
94	136
94	201
94	217
94	225
94	264
94	376
94	383
95	120
95	168
95	199
95	271
95	302
95	303
96	117
96	263
96	269
96	328
97	111
97	136
97	209
97	261
97	280
97	316
97	403
97	412
98	168
98	269
98	296
98	431
98	456
99	287
99	394
99	415
100	301
100	329
100	363
101	179
101	239
101	388
101	394
101	403
101	416
102	147
102	177
102	186
102	196
102	206
102	248
102	336
102	359
103	248
103	349
103	353
103	407
104	112
104	165
104	166
104	177
104	194
104	195
104	289
104	315
104	322
104	341
104	345
104	358
104	383
104	451
105	161
105	220
105	274
105	284
105	312
105	354
106	155
106	158
106	173
106	460
107	153
107	194
107	228
107	251
107	404
108	129
108	131
108	155
108	274
108	290
108	329
109	143
109	148
109	181
109	216
109	313
109	355
109	373
110	111
110	118
110	155
110	266
110	303
110	317
110	341
110	360
110	394
111	185
111	259
111	265
111	291
112	267
112	288
112	324
113	202
113	361
113	435
114	181
114	298
114	321
114	344
115	242
115	255
115	282
115	382
115	460
115	461
116	130
116	162
116	240
116	248
116	260
116	264
116	276
116	351
116	366
116	376
116	395
117	396
118	198
118	259
118	290
118	347
118	352
118	392
118	413
118	415
119	238
119	262
119	300
119	352
119	380
119	440
120	158
120	170
120	184
120	262
120	312
120	433
120	462
121	298
121	306
121	312
121	420
121	452
122	157
123	134
123	225
123	227
123	242
123	292
123	296
123	412
124	220
124	243
124	249
124	351
124	373
124	397
124	433
125	150
125	229
125	243
125	435
126	141
126	284
126	292
126	315
126	372
126	376
126	439
127	253
127	291
127	306
127	402
128	130
128	160
128	168
128	303
128	333
128	366
128	379
128	426
128	455
128	463
129	138
129	155
129	243
129	263
129	289
130	143
130	145
130	209
130	295
130	297
131	136
131	165
131	315
131	335
131	380
132	307
132	316
132	351
132	403
133	266
133	365
133	371
133	399
134	213
134	290
134	298
134	336
134	397
134	418
134	436
134	460
135	147
135	149
135	156
135	173
135	240
136	145
136	206
136	238
136	267
136	281
136	300
136	310
136	344
136	370
136	405
136	435
137	227
137	299
137	346
137	389
137	440
138	152
138	155
138	181
138	244
138	277
138	329
139	190
139	228
139	410
139	424
139	450
140	154
140	291
140	331
140	437
141	205
141	253
141	296
141	363
141	410
141	438
141	459
142	171
142	173
142	195
142	391
142	401
142	426
142	454
143	189
143	194
143	294
143	298
143	379
143	430
144	180
144	201
144	224
144	310
144	363
145	159
145	419
146	149
146	222
146	230
146	315
146	411
146	459
147	160
147	200
147	267
147	335
148	173
148	187
148	383
148	446
148	458
149	341
149	350
149	359
149	363
149	400
149	422
150	292
150	306
150	309
150	334
150	370
150	391
150	420
151	229
151	231
151	244
151	263
151	268
152	307
152	372
152	378
153	178
153	184
153	214
153	359
153	454
154	196
154	307
154	436
154	440
155	184
155	284
155	312
155	313
155	335
155	376
155	420
155	450
156	213
156	217
156	347
156	411
156	413
156	450
157	231
157	305
157	394
157	434
157	438
157	458
158	169
158	295
158	300
158	324
158	404
158	419
159	179
159	361
159	400
160	216
160	229
160	307
160	312
160	343
161	165
161	252
161	316
161	371
161	432
162	267
162	375
162	432
163	205
163	242
163	319
163	344
163	380
163	426
164	172
164	223
164	259
164	267
164	268
164	397
164	443
164	454
165	233
165	453
166	211
166	238
166	302
166	318
166	446
167	224
167	343
167	427
167	436
168	181
168	204
168	419
169	191
169	227
169	236
169	266
169	294
170	185
170	230
170	282
170	297
170	327
170	354
170	355
170	397
171	234
171	256
171	279
171	461
172	232
172	246
172	329
172	384
172	392
173	201
173	204
173	249
173	291
173	331
173	368
173	415
173	462
174	366
174	447
175	347
175	383
176	207
176	315
176	395
176	449
177	234
177	292
177	334
177	348
177	385
177	413
177	422
177	437
178	245
178	263
178	292
179	180
179	210
179	281
179	285
179	329
179	391
180	406
181	237
181	294
181	361
181	367
182	198
182	314
182	368
182	411
182	415
182	438
182	441
183	371
184	300
184	325
184	405
184	420
184	429
184	438
185	277
185	392
185	416
185	424
186	223
186	333
186	374
186	441
187	292
187	312
187	326
187	330
187	388
187	411
187	416
187	460
188	216
188	378
188	406
188	455
189	224
189	236
189	320
189	398
189	412
190	208
190	278
191	260
191	303
191	364
191	396
192	226
192	326
192	328
193	374
193	404
193	446
193	452
193	454
194	378
195	329
195	395
195	436
196	295
196	312
196	360
196	364
196	444
197	203
197	228
197	231
197	285
197	421
198	253
198	392
198	434
199	266
199	346
199	421
199	425
200	220
200	272
200	292
200	357
200	363
200	412
200	415
200	421
201	203
201	221
201	303
201	408
202	323
202	358
202	431
203	259
203	351
203	369
203	418
204	226
204	346
204	432
205	208
205	252
205	287
205	288
205	307
205	377
205	412
205	450
206	220
206	291
206	390
207	260
207	267
207	328
207	335
207	384
207	405
208	293
208	428
208	456
209	248
209	365
209	368
209	393
209	458
210	290
210	408
211	275
211	305
211	309
211	408
212	261
212	285
212	287
212	343
213	276
213	300
213	415
213	428
214	240
214	267
214	304
214	325
214	423
215	299
215	346
215	350
215	462
216	267
216	270
216	321
216	325
216	346
217	243
217	261
217	314
217	379
217	422
218	236
218	375
218	378
218	390
218	401
218	455
219	239
219	342
219	352
219	437
220	237
220	247
220	277
220	336
220	340
221	239
221	379
221	384
221	458
222	331
222	342
222	425
223	231
223	365
223	388
223	401
224	346
224	351
224	383
224	422
225	244
225	258
225	364
225	383
225	459
226	242
226	251
226	284
226	311
226	388
226	404
226	436
227	414
228	264
229	301
229	307
229	310
229	371
229	457
231	326
232	283
232	309
232	313
232	365
232	398
232	400
232	410
232	429
233	459
234	327
234	347
234	357
235	241
235	298
235	326
235	377
236	243
237	407
238	249
238	334
238	430
238	448
239	247
239	294
239	334
239	410
239	452
240	247
241	252
241	395
241	419
242	246
242	277
242	308
242	313
242	391
243	252
243	270
243	400
243	451
244	348
244	412
244	450
244	458
245	297
245	323
245	373
245	386
245	450
246	297
247	253
247	269
247	272
247	353
247	444
247	452
247	454
247	456
248	251
248	274
248	303
248	365
249	331
250	398
250	416
250	437
251	311
251	329
251	373
251	395
252	291
252	303
252	371
252	426
253	341
253	345
253	383
253	442
254	328
254	340
254	442
255	287
255	291
255	380
256	302
256	332
256	384
256	412
257	271
257	303
257	386
258	309
258	325
258	401
259	436
260	290
260	321
260	324
260	388
260	404
261	434
262	315
262	316
262	390
263	293
263	312
263	337
263	402
263	403
263	410
263	419
263	429
263	440
263	448
264	286
264	343
264	361
264	372
264	380
265	296
266	271
266	317
266	443
267	274
267	281
268	292
268	342
268	377
268	379
268	412
268	457
269	347
269	367
269	379
270	272
270	301
270	372
270	446
271	328
271	345
271	413
271	442
271	457
272	446
272	447
273	283
273	352
273	357
273	425
273	438
274	276
274	278
274	309
274	328
274	339
274	358
274	427
275	319
275	322
275	374
275	442
276	313
276	366
276	415
277	285
277	336
277	343
277	447
278	410
279	336
279	446
280	342
280	428
281	365
282	391
282	403
283	453
284	302
284	318
284	372
284	416
284	458
285	353
285	414
285	420
286	346
286	358
286	385
286	395
287	357
287	400
287	404
288	305
288	353
288	392
288	450
288	457
289	351
289	426
289	427
290	359
291	317
291	446
292	303
292	345
292	363
292	430
292	459
293	312
293	369
294	318
294	364
295	305
295	364
296	303
296	311
296	385
296	426
297	354
297	426
298	377
298	426
299	354
300	430
302	352
304	395
304	420
305	355
305	460
306	320
306	344
306	376
306	445
307	316
307	317
307	409
307	424
308	315
308	433
308	452
309	373
309	377
309	398
309	453
309	459
310	311
310	447
311	444
312	369
313	352
313	388
313	453
314	326
315	364
315	404
315	441
315	454
316	392
316	415
317	337
317	352
317	381
318	345
318	459
319	429
319	441
321	340
321	369
321	458
322	415
323	371
324	454
327	384
327	447
328	377
328	449
329	333
329	340
330	351
331	363
331	384
331	451
332	365
333	358
333	436
334	347
334	355
334	406
334	454
336	432
337	339
337	347
337	403
337	410
338	421
339	374
341	345
341	413
341	434
341	448
342	378
342	434
343	433
345	355
345	411
345	442
346	370
347	420
348	366
348	380
348	402
348	429
350	439
351	355
352	415
354	440
356	393
356	416
356	460
357	366
357	370
358	370
358	444
359	397
361	397
361	401
361	438
362	411
362	422
363	384
363	387
363	428
363	444
363	449
363	455
363	458
364	401
364	437
365	396
365	436
366	423
367	423
368	410
368	460
369	373
369	401
370	400
370	430
371	396
371	405
372	425
373	411
373	418
374	440
374	444
375	431
376	387
376	434
377	380
378	424
378	460
379	456
379	460
381	401
381	419
381	438
382	453
383	433
383	452
384	386
386	426
386	450
387	408
387	414
387	434
387	435
387	441
387	448
388	421
389	404
390	434
391	427
394	425
394	436
394	449
395	409
396	397
396	401
397	415
397	429
397	458
400	402
401	422
401	426
402	420
403	422
403	463
404	437
407	459
408	409
408	457
409	418
409	428
410	428
411	459
413	447
414	417
414	441
414	453
415	426
417	444
421	460
422	451
422	463
426	445
426	463
429	459
435	449
440	462
441	462
442	462
447	457
450	459
451	458
