1	92
1	95
1	113
1	187
1	244
1	267
1	274
1	343
1	358
1	377
1	409
1	421
1	424
2	61
2	126
2	155
2	243
2	253
2	271
2	380
2	392
2	398
2	429
2	434
2	452
2	459
3	24
3	25
3	33
3	60
3	385
3	433
3	456
4	36
4	54
4	143
4	148
4	256
4	262
4	275
4	291
4	409
4	444
4	450
5	86
5	129
5	154
5	172
5	226
5	231
5	301
5	340
5	386
5	399
5	409
6	9
6	10
6	38
6	78
6	131
6	145
6	154
6	234
6	240
6	297
7	144
7	165
7	207
7	229
7	298
7	315
7	383
7	418
8	12
8	48
8	55
8	216
8	299
8	306
8	380
8	460
9	67
9	171
9	187
9	208
9	254
9	315
9	329
9	345
9	397
9	403
9	430
9	448
9	455
10	31
10	32
10	40
10	96
10	141
10	170
10	188
10	290
10	420
10	423
11	43
11	379
12	127
12	262
12	280
12	324
12	375
12	405
13	41
13	51
13	84
13	132
13	148
13	173
13	213
13	252
13	356
13	368
13	388
13	419
14	49
14	145
14	149
14	184
14	237
14	361
14	367
14	388
14	435
15	22
15	171
15	175
15	183
15	195
15	240
15	371
15	382
15	417
15	420
15	424
15	448
16	70
16	71
16	95
16	175
16	190
16	219
16	261
16	300
16	305
16	306
16	440
17	65
17	145
17	203
17	380
17	417
17	460
18	48
18	100
18	144
18	174
18	185
18	225
18	267
18	283
19	58
19	62
19	69
19	89
19	99
19	341
19	353
19	409
20	23
20	101
20	121
20	171
20	189
20	269
20	297
20	309
20	314
20	326
20	343
20	377
20	443
20	452
21	32
21	36
21	74
21	83
21	126
21	164
21	175
21	197
21	232
21	279
22	111
22	160
22	247
22	268
22	283
22	348
22	430
22	442
23	50
23	59
23	235
23	241
23	338
23	343
23	397
23	417
24	99
24	158
24	174
24	189
24	252
24	364
24	402
25	55
25	161
25	285
25	324
25	339
25	427
25	433
25	450
25	451
26	62
26	102
26	127
26	237
26	273
26	294
26	418
27	194
27	242
27	282
27	290
28	172
28	216
28	218
28	225
28	234
28	243
28	257
28	276
29	41
29	84
29	166
29	233
29	240
29	242
29	250
29	279
29	329
29	351
29	362
29	450
30	55
30	80
30	133
30	143
30	212
30	236
30	270
30	317
30	359
30	402
30	406
30	440
31	42
31	69
31	95
31	107
31	150
31	218
31	306
31	369
31	416
32	45
32	62
32	164
32	184
32	212
32	379
32	416
32	440
33	68
33	103
33	114
33	129
33	148
33	207
33	243
33	273
33	295
33	331
33	344
33	394
33	438
34	45
34	62
34	67
34	209
34	213
34	270
34	303
34	330
34	382
34	417
35	62
35	69
35	122
35	135
35	215
35	251
35	289
35	315
35	330
35	343
35	398
35	445
35	448
35	457
36	41
36	57
36	66
36	87
36	133
36	146
36	256
36	336
36	364
36	391
36	395
37	54
37	66
37	132
37	148
37	184
37	212
37	222
37	250
37	279
37	358
37	415
37	432
37	452
38	52
38	86
38	118
38	154
38	205
38	223
38	224
38	228
38	309
38	369
38	392
38	445
39	42
39	64
39	82
39	122
39	126
39	160
39	174
39	183
39	234
39	268
39	282
39	293
39	401
39	448
39	461
40	69
40	145
40	275
40	300
40	398
40	416
40	446
40	461
41	139
41	174
41	189
41	195
41	196
41	207
41	248
41	261
41	268
41	269
42	50
42	64
42	216
42	262
42	301
42	376
42	394
43	60
43	140
43	146
43	221
43	248
43	262
43	272
43	314
43	341
43	348
43	401
43	402
43	415
44	62
44	84
44	106
44	127
44	144
44	172
44	210
44	233
44	329
44	357
44	362
44	369
44	425
45	68
45	76
45	100
45	133
45	279
45	421
45	446
46	75
46	99
46	159
46	195
46	196
46	309
46	320
46	378
47	57
47	210
47	232
47	321
47	353
47	451
47	459
48	102
48	145
48	156
48	199
48	213
48	257
48	310
48	358
48	406
49	180
49	204
49	224
49	249
49	267
49	389
49	415
49	429
50	85
50	114
50	124
50	136
50	144
50	188
50	207
50	211
50	349
50	364
51	100
51	103
51	135
51	179
51	196
51	205
51	238
51	341
51	409
51	442
52	155
52	305
52	333
52	335
52	340
52	345
53	172
53	213
53	349
53	383
53	416
53	430
54	85
54	124
54	134
54	201
54	206
54	257
54	270
54	293
54	303
54	360
54	379
54	411
54	444
55	59
55	67
55	342
56	60
56	78
56	148
56	149
56	254
56	322
56	371
56	414
56	455
57	139
57	176
57	271
57	337
57	346
57	374
57	384
57	438
58	59
58	102
58	218
58	262
58	283
58	317
58	365
58	385
58	389
59	62
59	105
59	124
59	129
59	255
59	257
59	278
59	300
59	380
59	381
59	433
60	212
60	238
60	284
60	336
60	369
60	394
60	414
60	445
60	459
60	461
61	92
61	129
61	223
61	228
61	235
61	324
61	356
61	376
61	407
61	449
61	464
62	158
62	200
62	246
62	294
62	318
62	335
62	464
63	92
63	122
63	157
63	204
63	247
63	262
63	338
63	374
63	460
64	88
64	96
64	120
64	159
64	269
64	321
64	373
64	446
64	455
65	108
65	167
65	259
65	302
65	307
65	312
65	315
65	428
66	220
66	221
66	360
66	365
66	395
67	92
67	102
67	151
67	166
67	333
67	336
67	349
67	360
67	396
67	404
67	431
67	458
68	101
68	114
68	125
68	234
68	251
68	258
68	267
68	283
68	316
68	323
68	353
68	445
69	98
69	126
69	168
69	207
69	209
69	291
69	314
69	398
69	420
70	72
70	113
70	198
70	205
70	337
70	460
71	80
71	83
71	92
71	112
71	129
71	334
71	367
71	394
71	405
71	413
71	456
72	97
72	120
72	228
72	270
72	282
72	293
72	309
72	343
72	412
72	463
73	105
73	202
73	244
73	247
73	310
73	323
73	344
73	355
73	433
74	82
74	123
74	150
74	201
74	228
74	347
74	389
74	396
74	407
75	89
75	100
75	119
75	139
75	142
75	149
75	205
75	209
75	219
75	327
76	106
76	188
76	203
76	259
76	323
76	381
76	431
76	449
76	459
77	91
77	110
77	125
77	168
77	199
77	293
77	315
77	343
77	405
77	434
77	456
78	139
78	171
78	340
78	400
79	166
79	170
79	186
79	194
80	116
80	154
80	208
80	218
80	257
80	265
80	320
80	349
80	358
80	405
81	110
81	188
81	228
81	276
81	401
81	451
82	93
82	166
82	349
82	379
82	390
83	134
83	228
83	240
83	257
83	308
83	336
83	404
83	433
83	449
83	461
84	93
84	103
84	150
84	157
84	169
84	198
84	250
84	267
84	277
84	282
84	304
84	347
84	442
85	164
85	197
85	202
85	212
85	228
85	251
85	329
86	263
86	271
86	334
86	441
87	131
87	139
87	237
87	331
87	351
87	356
87	366
87	394
87	410
88	146
88	238
88	247
88	337
88	436
89	135
89	199
89	205
89	207
89	243
89	245
89	354
89	378
89	380
89	396
89	416
90	182
90	306
90	307
91	110
91	145
91	253
91	303
91	318
91	346
91	349
91	402
91	421
91	424
92	332
92	379
92	430
92	454
92	457
93	175
93	177
93	179
93	235
93	239
93	272
93	343
93	348
93	357
93	360
93	363
93	364
93	416
93	428
94	101
94	155
94	189
94	199
94	228
94	305
94	333
94	350
94	361
94	375
94	408
94	434
94	447
94	456
94	459
95	152
95	223
95	246
95	264
95	285
95	410
96	118
96	179
96	194
96	236
96	240
96	335
96	380
96	438
97	103
97	107
97	133
97	164
97	190
97	226
97	315
97	340
97	356
97	381
97	387
97	421
97	441
97	448
98	112
98	236
98	275
98	303
98	363
98	444
99	136
99	144
99	181
99	186
99	205
99	206
99	248
99	347
99	421
100	104
100	105
100	200
100	220
100	248
100	261
100	325
100	345
100	348
100	351
100	424
100	425
100	455
101	169
101	321
101	340
101	381
101	451
102	148
102	183
102	203
102	212
102	245
102	269
102	323
102	327
103	145
103	281
103	290
103	343
103	451
103	452
104	109
104	267
104	356
104	391
105	154
105	189
105	193
105	206
105	233
105	339
105	351
105	406
105	463
106	161
106	181
106	198
106	254
106	262
106	292
106	328
106	384
106	413
107	131
107	198
107	284
107	334
107	343
107	350
107	442
107	458
108	111
108	152
108	224
108	230
108	287
108	293
108	325
108	338
108	388
108	406
109	207
109	279
109	303
109	425
110	136
110	197
110	430
110	440
111	133
111	144
111	154
111	199
111	215
111	263
111	311
111	338
111	388
111	406
111	450
111	452
111	463
112	156
112	169
112	193
112	217
112	223
112	239
112	242
112	303
112	310
113	137
113	144
113	191
113	279
113	295
113	327
113	458
113	460
114	141
114	188
114	204
114	230
114	254
114	325
114	391
114	407
114	408
114	438
114	451
115	211
115	280
115	290
115	385
115	389
115	390
116	131
116	134
116	138
116	150
116	163
116	220
116	247
116	254
116	255
116	258
116	265
116	271
116	277
116	311
116	331
116	351
117	150
117	203
117	223
117	227
117	320
118	119
118	165
118	234
118	276
118	283
118	313
118	365
119	223
119	264
119	303
119	334
119	385
119	423
119	425
120	123
120	179
120	216
120	270
120	311
120	342
120	377
120	398
120	440
120	450
121	153
121	221
121	232
121	287
121	318
121	408
121	430
121	462
121	464
122	131
122	184
122	221
122	289
122	330
122	334
122	438
122	464
123	141
123	142
123	243
123	262
123	339
123	354
123	385
124	187
124	281
124	393
124	438
125	150
125	223
125	339
125	376
125	422
126	144
126	145
126	156
126	214
126	215
126	283
126	332
126	336
126	386
126	450
126	462
127	129
127	169
127	228
127	230
127	297
127	307
128	168
128	189
128	289
128	332
128	334
128	363
128	405
128	439
129	158
129	231
129	305
130	162
130	182
130	184
130	232
130	297
130	318
130	359
130	380
130	410
131	214
131	243
131	253
131	257
131	271
131	295
131	378
131	404
131	423
131	427
131	458
131	461
132	134
132	138
132	148
132	158
132	342
132	372
132	402
132	409
132	424
133	153
133	164
133	210
133	219
133	297
133	405
134	137
134	323
134	325
134	332
134	334
134	363
134	371
135	156
135	182
135	197
135	198
135	217
135	252
135	306
135	353
135	366
135	389
135	422
135	428
135	448
135	455
136	187
136	360
136	364
136	403
136	410
136	443
137	225
137	228
137	239
137	241
137	278
137	315
137	316
137	408
137	413
137	415
137	429
137	453
138	200
138	238
138	266
138	307
138	323
138	346
138	355
138	411
138	461
139	152
139	183
139	237
139	249
139	269
139	287
139	321
140	404
140	434
141	145
141	176
141	179
141	185
141	402
141	444
141	454
142	171
142	276
142	335
142	336
142	367
142	386
142	436
142	447
143	164
143	280
143	328
143	419
144	158
144	180
144	224
144	230
144	257
144	402
145	171
145	279
145	298
145	315
145	352
145	423
145	454
146	178
146	359
146	392
146	418
147	179
147	252
147	261
147	271
147	371
147	433
147	440
147	457
148	186
148	212
148	228
148	239
148	309
148	464
149	177
149	219
149	233
149	253
149	343
149	422
149	460
149	464
150	203
150	217
150	221
150	400
150	430
151	187
151	211
151	215
151	216
151	261
151	278
151	313
151	331
151	382
152	180
152	215
152	230
152	279
152	328
152	441
153	222
153	276
153	307
153	312
154	168
154	232
154	268
154	367
154	373
154	386
155	164
155	218
155	277
155	443
156	179
156	274
156	288
156	291
156	312
156	316
156	324
156	339
156	341
156	398
156	445
157	229
157	293
157	305
157	371
157	410
158	272
158	324
158	450
158	462
159	188
159	310
159	365
159	422
160	349
160	360
160	422
161	163
161	218
161	231
161	275
161	313
161	433
162	192
162	203
162	220
162	252
162	311
162	316
162	440
163	238
163	276
163	316
163	330
163	338
163	390
163	402
163	423
164	268
164	307
164	316
164	424
165	336
166	169
166	204
166	432
167	176
167	186
167	223
167	263
167	270
167	351
167	356
167	366
167	371
167	411
167	431
168	266
168	269
168	328
168	343
168	370
168	412
168	416
168	417
169	207
169	215
169	218
169	330
169	359
169	378
169	402
169	406
169	407
169	420
170	207
170	341
170	362
170	393
170	402
170	458
171	185
171	218
171	225
171	263
171	271
171	320
171	321
171	324
171	358
171	396
171	458
172	173
172	196
172	207
172	241
172	242
172	395
172	405
172	420
172	456
173	267
173	311
173	430
174	208
174	219
174	250
174	267
174	324
174	396
175	212
175	213
175	262
175	347
175	363
175	397
175	417
175	447
175	460
175	463
176	311
176	324
176	326
176	359
176	376
177	186
177	205
177	216
177	243
177	274
177	280
177	301
177	374
177	411
178	181
178	253
178	317
178	324
178	359
179	206
179	208
179	340
179	355
179	434
179	436
179	453
180	217
180	219
180	263
180	318
180	342
180	350
180	395
181	212
181	228
181	249
181	313
181	325
181	337
181	362
181	371
181	396
181	429
182	242
182	304
182	314
182	350
182	447
182	449
182	453
183	227
183	228
183	239
183	302
183	358
183	447
183	461
184	196
184	308
184	345
184	355
184	373
185	313
185	363
185	406
185	413
185	451
186	271
186	285
186	453
187	225
187	306
187	405
187	430
187	437
188	258
188	273
188	315
188	337
188	413
189	203
189	255
190	220
190	295
190	316
190	320
190	441
191	208
191	227
191	265
191	305
191	366
191	447
192	259
192	274
192	355
192	387
192	394
192	395
192	406
192	419
192	437
193	231
193	252
193	308
193	322
193	329
193	395
193	409
193	437
193	463
194	261
194	264
194	288
194	320
194	347
194	391
195	261
195	316
195	365
195	399
195	409
196	385
196	464
197	234
197	344
197	367
197	368
197	407
197	431
197	436
197	458
198	216
198	252
198	313
198	415
199	201
199	259
199	260
199	295
199	314
199	318
199	325
199	368
199	380
199	405
199	458
200	232
200	258
200	291
200	350
200	438
200	458
201	215
201	234
201	277
201	281
201	292
201	381
201	394
202	235
202	388
203	311
203	375
203	426
203	454
204	275
204	284
204	298
204	394
204	395
204	412
204	426
204	445
205	259
205	278
205	291
205	384
205	421
206	227
206	235
206	395
207	218
207	228
207	429
207	432
208	222
208	276
208	378
208	409
209	230
209	319
209	324
209	384
209	397
209	428
209	431
210	230
210	236
210	238
210	254
210	274
210	308
210	360
210	371
211	245
211	292
211	332
211	368
211	397
211	447
212	268
212	310
212	329
212	409
213	227
213	228
213	251
213	348
213	356
213	381
213	412
214	244
214	302
214	318
214	320
214	328
214	329
214	330
214	392
214	417
214	448
215	311
215	348
216	241
216	264
216	284
216	369
216	403
216	410
216	444
217	399
217	431
217	435
218	283
218	332
218	348
218	376
218	382
218	419
218	455
218	457
219	266
219	276
219	283
219	293
219	370
219	391
219	431
219	456
220	230
220	254
220	282
220	342
220	366
221	308
221	313
221	315
221	355
221	361
221	373
221	389
222	246
222	256
222	268
222	272
222	370
222	419
223	270
223	318
223	321
224	266
224	351
224	424
225	302
225	355
225	372
225	393
225	458
226	270
226	299
226	332
226	336
226	353
226	398
226	413
226	445
227	305
227	347
227	369
227	392
227	431
228	378
228	458
229	361
229	389
229	429
230	250
230	282
230	312
230	368
231	277
231	323
231	349
232	353
232	442
232	443
233	313
233	394
233	408
233	437
234	257
234	373
234	401
234	425
235	246
235	306
235	307
235	392
235	438
236	256
236	369
237	346
237	439
238	321
238	322
238	351
238	404
239	278
239	319
239	376
239	388
239	398
239	412
239	430
239	455
240	331
241	297
241	298
241	301
241	437
242	305
242	319
242	325
242	345
243	270
243	331
243	379
243	393
243	424
243	444
244	314
244	331
244	341
244	435
244	442
245	252
245	278
245	313
245	381
245	440
246	384
246	406
247	257
247	290
247	338
247	344
247	348
247	427
248	297
248	299
248	381
249	296
249	407
250	355
250	370
250	392
250	439
251	261
251	274
251	311
251	334
251	359
252	352
252	438
253	296
253	297
254	259
254	276
254	284
254	308
254	312
254	316
255	265
255	381
255	406
255	411
255	431
255	453
256	261
256	327
256	333
256	337
256	345
256	406
256	451
257	258
257	335
257	398
257	426
257	439
258	283
258	290
258	291
258	324
258	363
258	365
258	374
258	408
258	420
258	437
259	289
259	290
259	291
260	310
260	327
260	344
260	405
261	271
261	346
261	378
261	448
262	319
262	326
262	417
262	432
262	453
263	270
263	281
263	330
263	351
263	360
263	390
263	434
264	317
264	392
264	394
264	433
265	273
265	351
265	377
265	403
265	414
266	296
266	309
266	346
266	360
266	364
266	432
266	440
266	461
267	286
267	309
267	350
267	400
267	451
268	316
268	317
268	321
268	329
268	391
268	403
268	455
269	272
269	321
269	351
269	427
269	432
269	461
270	288
271	308
271	402
271	407
271	439
272	287
272	298
272	321
272	329
272	395
273	276
273	302
273	377
273	387
273	415
274	311
274	405
274	408
274	417
274	420
274	462
275	305
275	338
275	345
275	354
275	384
275	391
275	442
275	462
276	290
276	293
276	294
276	329
276	344
276	391
276	396
276	413
277	333
277	334
277	343
277	395
277	397
277	398
277	443
277	450
278	407
278	411
279	339
279	426
279	453
280	326
280	333
280	346
280	460
281	292
281	304
281	404
281	450
281	452
282	353
282	413
283	289
283	321
283	373
284	288
284	301
284	361
284	375
285	407
285	451
285	462
286	307
286	352
286	372
286	379
286	399
286	402
286	428
286	451
287	342
287	421
287	459
288	295
288	336
288	369
288	393
288	405
288	430
288	453
289	311
289	352
289	360
290	312
290	388
290	405
291	365
291	382
291	404
291	410
291	413
291	419
291	423
291	428
292	307
292	398
292	422
293	329
293	371
293	414
293	461
294	298
294	322
294	412
294	430
295	376
295	383
296	326
296	327
297	308
297	322
298	304
298	328
298	349
298	359
299	314
299	362
299	381
299	427
299	442
300	303
300	336
300	397
300	448
300	458
301	307
301	358
301	391
301	411
301	437
302	322
303	419
304	357
304	397
304	408
304	433
304	434
304	458
305	337
305	359
305	384
305	392
305	417
305	430
306	330
306	339
306	352
306	361
306	362
307	344
307	352
307	415
307	445
308	376
308	392
308	442
309	312
309	326
309	399
310	360
310	461
311	351
311	384
311	395
311	398
311	448
312	318
312	352
313	344
313	357
313	383
314	379
314	405
314	444
315	411
315	450
316	331
316	399
316	401
317	364
317	436
318	330
318	396
318	406
318	410
319	364
320	331
320	352
320	373
320	460
321	337
321	383
321	390
321	435
321	463
322	365
322	398
322	436
322	437
323	425
323	435
323	445
324	353
324	372
325	434
326	352
326	393
326	456
327	336
327	345
327	383
327	394
328	391
328	393
328	415
329	379
329	383
329	415
329	438
330	367
330	368
330	381
330	385
330	410
330	444
331	388
331	413
331	426
331	453
332	372
332	443
333	346
333	355
333	384
333	428
334	412
334	417
334	444
335	339
335	348
335	404
335	461
336	403
336	417
337	355
337	403
338	360
338	371
338	377
338	435
338	460
339	401
340	344
340	416
340	456
340	462
341	454
342	347
342	361
342	367
342	378
342	460
343	346
343	361
343	363
343	416
343	463
344	346
344	352
344	400
345	385
345	403
345	425
345	445
347	364
347	367
347	381
347	437
347	441
348	376
348	459
349	354
349	378
349	389
349	453
350	378
350	381
350	406
350	451
350	453
350	456
351	394
351	449
352	414
353	378
353	457
354	366
354	372
354	421
355	357
355	371
355	422
355	426
355	461
358	369
358	423
359	372
360	423
360	429
361	385
361	410
362	391
364	438
365	410
365	417
365	425
366	382
366	396
366	418
366	419
367	445
368	369
368	379
368	382
368	460
369	449
369	462
370	374
370	419
370	442
372	384
372	413
373	383
373	402
374	389
374	437
375	406
375	411
376	408
376	433
377	382
378	401
378	402
378	429
379	445
380	437
381	435
382	416
384	454
384	464
385	404
387	395
387	407
388	444
390	409
390	438
391	457
392	436
394	461
395	403
395	413
395	450
396	408
397	432
398	438
401	443
402	420
402	458
403	443
404	420
404	425
404	449
405	413
406	409
408	460
409	422
409	427
409	463
411	419
411	437
411	456
416	443
418	434
418	442
418	450
420	452
421	439
421	464
422	432
424	428
424	447
424	458
425	438
426	439
428	463
433	435
434	454
435	454
436	451
437	461
439	440
439	441
440	459
441	455
444	453
448	454
451	452
454	464
456	458
