1	14
1	16
1	22
1	30
1	76
1	85
1	91
1	118
1	157
1	184
1	204
1	226
1	250
1	269
1	286
1	319
1	326
1	357
1	388
1	421
1	460
2	4
2	8
2	18
2	29
2	35
2	62
2	66
2	78
2	105
2	120
2	168
2	183
2	192
2	199
2	214
2	259
2	264
2	300
2	329
2	338
2	358
2	372
2	386
2	426
2	427
2	440
2	443
3	19
3	59
3	68
3	79
3	145
3	182
3	193
3	254
3	292
3	344
3	352
3	359
3	365
3	379
3	390
3	402
3	408
3	411
3	437
3	462
4	8
4	27
4	41
4	53
4	91
4	186
4	249
4	254
4	270
4	271
4	286
4	299
4	384
4	389
4	404
4	412
4	427
4	431
5	19
5	45
5	62
5	130
5	137
5	139
5	174
5	203
5	237
5	241
5	270
5	274
5	282
5	309
5	354
5	364
5	390
5	419
5	423
5	430
5	446
5	455
6	11
6	64
6	69
6	81
6	94
6	111
6	112
6	123
6	164
6	238
6	248
6	273
6	300
6	307
6	367
6	386
6	390
6	404
6	416
6	432
7	22
7	114
7	180
7	184
7	204
7	228
7	232
7	242
7	257
7	335
7	342
7	353
7	372
7	387
7	425
8	18
8	22
8	66
8	72
8	165
8	184
8	186
8	195
8	197
8	201
8	222
8	249
8	252
8	256
8	277
8	290
8	297
8	303
8	305
8	309
8	358
8	364
8	376
8	410
8	411
8	413
8	422
9	10
9	44
9	87
9	107
9	117
9	142
9	143
9	177
9	191
9	221
9	229
9	251
9	256
9	275
9	355
9	368
9	389
9	429
9	454
9	460
10	14
10	69
10	90
10	117
10	125
10	158
10	281
10	315
10	343
10	361
10	397
10	417
10	427
10	432
10	451
11	14
11	15
11	17
11	25
11	48
11	54
11	122
11	147
11	259
11	347
11	376
11	388
11	419
11	427
12	23
12	35
12	78
12	86
12	289
12	296
12	335
12	360
12	378
12	404
12	413
12	440
12	446
12	464
13	39
13	48
13	60
13	72
13	93
13	94
13	97
13	125
13	136
13	144
13	169
13	177
13	246
13	250
13	264
13	276
13	284
13	325
13	335
13	344
13	358
13	384
13	451
14	18
14	162
14	243
14	276
14	296
14	302
14	321
14	325
14	328
14	388
14	406
14	415
14	422
14	430
15	57
15	78
15	107
15	114
15	121
15	142
15	154
15	172
15	197
15	202
15	209
15	214
15	368
15	373
15	388
15	418
15	428
15	429
16	39
16	52
16	70
16	77
16	78
16	98
16	109
16	139
16	148
16	173
16	235
16	243
16	257
16	260
16	309
16	355
16	361
16	364
16	385
16	406
16	450
16	459
17	57
17	58
17	62
17	102
17	138
17	139
17	168
17	169
17	170
17	198
17	226
17	230
17	272
17	274
17	300
17	301
17	304
17	308
17	331
17	365
17	373
17	374
17	406
17	408
17	412
17	416
17	427
17	457
17	459
18	32
18	33
18	107
18	109
18	115
18	118
18	122
18	130
18	135
18	136
18	171
18	230
18	251
18	299
18	303
18	321
18	344
18	407
18	449
18	452
19	44
19	63
19	101
19	127
19	144
19	207
19	217
19	238
19	241
19	245
19	261
19	304
19	316
19	352
19	359
19	377
20	56
20	68
20	72
20	126
20	137
20	157
20	160
20	161
20	167
20	197
20	248
20	256
20	309
20	371
20	375
20	376
20	377
20	413
20	435
20	451
20	464
21	39
21	40
21	71
21	164
21	187
21	209
21	242
21	263
21	272
21	276
21	354
21	368
21	370
21	418
21	442
22	68
22	170
22	171
22	173
22	175
22	178
22	194
22	214
22	222
22	225
22	260
22	276
22	293
22	321
22	324
22	337
22	357
22	406
22	426
22	435
23	35
23	52
23	56
23	65
23	116
23	140
23	149
23	170
23	173
23	187
23	213
23	214
23	319
23	399
23	422
23	431
23	449
24	44
24	57
24	68
24	106
24	135
24	153
24	159
24	183
24	205
24	246
24	271
24	281
24	314
24	347
24	361
24	367
24	375
24	405
24	407
24	412
24	458
24	461
25	54
25	90
25	100
25	105
25	124
25	169
25	170
25	201
25	238
25	260
25	263
25	279
25	346
25	350
25	365
25	371
25	373
25	414
25	436
25	444
26	33
26	35
26	53
26	73
26	84
26	89
26	91
26	99
26	116
26	145
26	148
26	167
26	184
26	228
26	231
26	284
26	288
26	299
26	313
26	382
26	403
26	431
26	445
26	454
26	463
27	48
27	56
27	60
27	68
27	74
27	119
27	133
27	227
27	266
27	295
27	311
27	312
27	340
27	370
27	387
27	434
27	443
28	29
28	33
28	52
28	66
28	70
28	120
28	125
28	244
28	250
28	254
28	307
28	334
28	370
28	382
28	398
28	431
29	140
29	154
29	159
29	180
29	189
29	208
29	346
29	350
29	352
29	373
29	391
29	412
29	422
29	434
30	37
30	78
30	83
30	120
30	125
30	146
30	152
30	164
30	200
30	205
30	240
30	269
30	271
30	289
30	290
30	297
30	303
30	317
30	343
30	347
30	397
30	400
30	407
30	425
30	432
30	459
31	41
31	83
31	112
31	134
31	150
31	163
31	179
31	193
31	213
31	276
31	339
31	346
31	367
31	383
31	435
31	446
31	451
32	41
32	96
32	106
32	137
32	144
32	147
32	151
32	158
32	215
32	217
32	221
32	231
32	235
32	276
32	337
32	348
32	352
32	358
32	376
32	401
32	450
33	95
33	102
33	115
33	120
33	166
33	186
33	194
33	198
33	217
33	245
33	247
33	271
33	286
33	296
33	297
33	301
33	311
33	348
33	368
33	379
33	410
33	426
33	446
34	70
34	139
34	167
34	173
34	179
34	216
34	219
34	236
34	312
34	326
34	372
34	402
34	403
34	416
34	426
34	442
34	454
35	84
35	100
35	134
35	147
35	151
35	170
35	204
35	216
35	226
35	243
35	246
35	289
35	291
35	425
35	432
35	461
36	38
36	46
36	99
36	110
36	152
36	231
36	259
36	263
36	328
36	346
36	361
36	371
36	425
36	457
36	461
37	68
37	154
37	177
37	195
37	248
37	282
37	325
37	347
37	353
37	376
37	407
37	416
37	420
37	447
38	67
38	85
38	111
38	143
38	158
38	167
38	184
38	194
38	204
38	246
38	295
38	342
38	392
38	426
38	446
38	463
39	44
39	94
39	115
39	136
39	178
39	189
39	209
39	217
39	237
39	267
39	300
39	367
39	371
39	387
39	391
39	424
40	49
40	57
40	85
40	166
40	192
40	202
40	258
40	290
40	296
40	312
40	322
40	355
40	381
40	431
41	55
41	126
41	161
41	163
41	206
41	258
41	262
41	296
41	309
41	320
41	321
41	327
41	452
41	458
42	68
42	173
42	182
42	213
42	244
42	278
42	328
42	342
42	345
42	356
42	391
42	396
42	402
42	403
42	406
42	426
42	438
43	67
43	114
43	121
43	130
43	168
43	189
43	218
43	227
43	228
43	273
43	286
43	330
43	345
43	346
43	370
43	376
43	389
43	399
43	415
43	424
43	443
44	47
44	49
44	70
44	165
44	180
44	240
44	249
44	259
44	275
44	303
44	307
44	335
44	344
44	359
44	408
44	410
44	441
45	72
45	84
45	87
45	123
45	128
45	141
45	169
45	176
45	279
45	311
45	322
45	355
45	360
45	390
45	396
45	418
46	84
46	99
46	104
46	106
46	109
46	128
46	176
46	188
46	227
46	250
46	315
46	352
46	380
46	429
46	449
46	457
47	55
47	84
47	105
47	109
47	152
47	201
47	237
47	249
47	263
47	269
47	291
47	301
47	323
47	379
47	432
47	456
47	459
48	54
48	66
48	110
48	123
48	188
48	194
48	216
48	225
48	252
48	261
48	280
48	371
48	373
48	379
48	397
48	428
48	430
48	433
48	434
49	153
49	204
49	212
49	225
49	235
49	251
49	252
49	253
49	258
49	267
49	298
49	304
49	311
49	396
49	414
49	457
50	53
50	68
50	71
50	105
50	122
50	131
50	142
50	148
50	194
50	210
50	217
50	261
50	267
50	345
50	369
50	373
50	442
51	73
51	78
51	105
51	137
51	151
51	173
51	194
51	293
51	303
51	321
51	332
51	432
51	440
52	102
52	144
52	149
52	155
52	157
52	162
52	169
52	195
52	238
52	279
52	287
52	297
52	384
52	417
52	421
52	460
53	60
53	108
53	111
53	113
53	127
53	211
53	246
53	270
53	283
53	326
53	382
53	411
54	61
54	65
54	73
54	75
54	77
54	165
54	170
54	195
54	213
54	288
54	319
54	329
54	346
54	356
54	366
54	385
54	400
54	416
54	426
55	62
55	67
55	78
55	106
55	114
55	121
55	128
55	130
55	138
55	175
55	189
55	222
55	224
55	237
55	238
55	260
55	289
55	301
55	335
55	364
55	378
55	462
56	86
56	111
56	131
56	142
56	158
56	179
56	216
56	229
56	259
56	278
56	337
56	383
56	404
56	414
57	82
57	92
57	191
57	226
57	270
57	303
57	330
57	362
57	377
57	387
57	410
57	414
57	461
58	83
58	140
58	171
58	234
58	251
58	253
58	334
58	370
58	396
58	400
58	402
58	410
58	412
58	419
58	432
58	445
59	71
59	84
59	89
59	103
59	117
59	200
59	209
59	223
59	227
59	262
59	297
59	318
59	335
59	351
59	376
59	402
59	405
59	411
59	459
60	84
60	87
60	108
60	139
60	163
60	173
60	208
60	209
60	222
60	233
60	246
60	260
60	290
60	380
60	403
60	430
60	442
60	458
61	86
61	104
61	119
61	124
61	152
61	175
61	178
61	224
61	255
61	258
61	292
61	301
61	323
61	329
61	337
61	347
61	375
61	416
61	442
61	455
61	457
62	65
62	160
62	164
62	181
62	205
62	206
62	254
62	259
62	317
62	341
62	400
62	404
62	438
63	78
63	99
63	128
63	129
63	164
63	255
63	300
63	331
63	336
63	341
63	366
63	389
63	393
63	396
63	406
63	426
63	437
64	81
64	129
64	159
64	188
64	189
64	258
64	275
64	295
64	302
64	426
64	432
64	447
65	95
65	147
65	150
65	171
65	194
65	197
65	216
65	332
65	380
65	383
65	415
65	424
65	433
65	441
65	460
66	133
66	181
66	200
66	202
66	231
66	248
66	264
66	308
66	337
66	341
66	342
66	344
66	352
66	391
66	410
67	86
67	99
67	115
67	118
67	131
67	142
67	170
67	181
67	227
67	228
67	261
67	329
67	366
67	395
67	398
67	407
68	92
68	101
68	105
68	162
68	173
68	213
68	215
68	227
68	240
68	242
68	291
68	311
68	340
68	370
68	376
68	383
68	406
68	426
69	108
69	131
69	201
69	215
69	258
69	286
69	299
69	300
69	320
69	323
69	325
69	349
69	356
69	382
69	392
69	417
70	88
70	144
70	173
70	187
70	191
70	202
70	209
70	261
70	282
70	283
70	318
70	325
70	362
70	370
70	424
70	447
70	453
71	86
71	95
71	101
71	115
71	167
71	176
71	225
71	237
71	266
71	316
71	332
71	339
71	363
71	408
71	426
71	441
72	74
72	78
72	113
72	174
72	182
72	184
72	194
72	196
72	205
72	206
72	224
72	251
72	253
72	277
72	296
72	299
72	303
72	306
72	308
72	310
72	341
72	363
72	366
72	387
72	404
73	120
73	143
73	148
73	163
73	175
73	178
73	210
73	213
73	224
73	268
73	331
73	434
74	77
74	97
74	122
74	163
74	176
74	213
74	305
74	330
74	334
74	336
74	361
74	365
74	381
74	416
74	423
74	424
74	426
75	80
75	162
75	218
75	224
75	271
75	276
75	303
75	321
75	326
75	393
75	414
75	430
75	445
75	446
75	452
75	453
75	455
75	456
76	83
76	98
76	123
76	138
76	142
76	146
76	163
76	177
76	189
76	226
76	253
76	265
76	272
76	297
76	301
76	323
76	336
76	386
76	405
76	407
76	410
76	447
77	82
77	100
77	111
77	135
77	163
77	241
77	245
77	246
77	274
77	298
77	340
78	100
78	127
78	164
78	182
78	204
78	241
78	281
78	397
78	398
78	425
78	434
78	438
78	441
79	93
79	114
79	142
79	146
79	213
79	226
79	233
79	244
79	293
79	308
79	310
79	311
79	321
79	323
79	346
79	363
79	376
79	383
79	419
79	427
79	462
80	134
80	184
80	199
80	203
80	232
80	252
80	287
80	307
80	319
80	334
80	338
80	348
80	364
80	365
80	384
80	398
80	407
80	417
80	420
80	430
80	433
81	112
81	185
81	224
81	248
81	265
81	299
81	306
81	340
81	356
81	378
81	379
81	419
81	422
81	429
81	430
81	446
82	186
82	215
82	226
82	252
82	254
82	257
82	265
82	298
82	309
82	320
82	344
82	347
82	372
82	403
82	405
82	419
82	448
82	453
82	463
83	92
83	113
83	115
83	129
83	161
83	201
83	218
83	228
83	234
83	250
83	254
83	267
83	280
83	316
83	339
83	340
83	359
83	382
83	392
83	441
84	102
84	119
84	120
84	147
84	199
84	205
84	217
84	236
84	245
84	287
84	302
84	310
84	354
84	428
85	101
85	109
85	144
85	152
85	169
85	187
85	193
85	199
85	220
85	239
85	281
85	291
85	298
85	340
85	369
85	392
85	422
86	127
86	183
86	185
86	186
86	203
86	243
86	256
86	272
86	280
86	289
86	293
86	307
86	363
86	364
86	393
86	454
87	94
87	115
87	125
87	169
87	178
87	203
87	225
87	232
87	270
87	279
87	311
87	318
87	319
87	335
87	342
87	343
87	344
87	351
87	398
87	458
88	90
88	142
88	153
88	171
88	207
88	228
88	237
88	242
88	284
88	301
88	303
88	347
88	348
88	363
88	410
88	444
88	448
89	100
89	103
89	123
89	135
89	164
89	176
89	184
89	223
89	247
89	259
89	272
89	275
89	287
89	314
89	346
89	350
89	369
89	371
89	434
89	436
89	443
90	102
90	106
90	145
90	167
90	243
90	255
90	260
90	271
90	304
90	338
90	339
90	366
90	373
90	376
90	393
90	440
90	445
90	463
91	93
91	99
91	122
91	146
91	155
91	185
91	200
91	221
91	222
91	245
91	246
91	259
91	292
91	311
91	330
91	333
91	347
91	349
91	395
91	436
92	125
92	175
92	192
92	196
92	219
92	223
92	241
92	256
92	275
92	293
92	318
92	347
92	359
92	370
92	393
92	419
93	105
93	108
93	123
93	167
93	175
93	186
93	217
93	273
93	292
93	355
93	373
93	390
93	403
93	409
93	425
93	436
93	464
94	105
94	118
94	124
94	143
94	159
94	166
94	172
94	191
94	204
94	229
94	243
94	245
94	246
94	255
94	292
94	334
94	374
94	375
94	379
94	399
94	405
94	408
94	415
95	146
95	174
95	184
95	198
95	201
95	229
95	233
95	243
95	254
95	273
95	296
95	298
95	425
95	436
95	456
95	457
95	463
96	111
96	125
96	145
96	201
96	214
96	227
96	240
96	264
96	317
96	345
96	352
96	371
96	427
96	455
97	144
97	156
97	182
97	189
97	197
97	206
97	219
97	230
97	250
97	296
97	345
97	352
97	354
97	366
97	407
97	413
97	429
98	99
98	178
98	234
98	262
98	282
98	290
98	293
98	308
98	322
98	371
98	395
98	409
98	414
98	428
98	446
99	107
99	124
99	129
99	170
99	200
99	204
99	234
99	247
99	312
99	331
99	348
99	375
99	392
99	419
99	425
99	431
99	461
100	163
100	168
100	186
100	192
100	198
100	204
100	210
100	215
100	217
100	229
100	254
100	355
100	372
100	416
100	417
100	423
100	449
100	455
101	106
101	117
101	147
101	153
101	169
101	200
101	205
101	253
101	294
101	314
101	392
101	447
101	452
102	130
102	134
102	152
102	180
102	182
102	255
102	318
102	346
102	421
102	437
103	126
103	132
103	143
103	150
103	178
103	179
103	276
103	285
103	307
103	325
103	343
103	356
103	364
103	386
103	433
104	117
104	137
104	176
104	180
104	200
104	225
104	231
104	239
104	244
104	245
104	258
104	316
104	333
104	371
104	373
104	380
104	381
104	394
104	408
104	457
105	108
105	135
105	136
105	167
105	184
105	190
105	199
105	219
105	237
105	276
105	301
105	312
105	327
105	367
105	402
105	404
106	130
106	141
106	181
106	183
106	202
106	220
106	222
106	223
106	254
106	278
106	342
106	388
106	408
106	412
106	429
107	123
107	139
107	153
107	163
107	175
107	215
107	216
107	271
107	301
107	316
107	353
107	365
107	370
107	404
107	422
107	446
107	449
108	113
108	169
108	178
108	181
108	184
108	200
108	201
108	208
108	216
108	253
108	285
108	291
108	309
108	310
108	328
108	379
108	383
108	395
108	434
109	126
109	131
109	132
109	140
109	143
109	146
109	159
109	172
109	177
109	183
109	259
109	272
109	277
109	290
109	304
109	388
109	397
109	421
109	458
110	128
110	193
110	197
110	208
110	216
110	221
110	253
110	321
110	328
110	362
110	370
110	410
110	432
111	113
111	116
111	126
111	129
111	217
111	231
111	242
111	275
111	298
111	342
111	378
111	396
111	413
111	436
111	438
111	455
112	155
112	170
112	174
112	179
112	186
112	200
112	202
112	265
112	283
112	298
112	340
112	357
112	376
112	386
112	392
112	400
112	405
112	436
112	451
113	139
113	168
113	176
113	183
113	199
113	213
113	230
113	254
113	302
113	307
113	312
113	328
113	342
113	368
113	380
113	407
113	428
113	441
113	463
114	148
114	149
114	178
114	306
114	357
114	362
115	141
115	171
115	190
115	196
115	198
115	211
115	217
115	253
115	270
115	278
115	296
115	348
115	371
115	419
115	430
115	431
116	141
116	226
116	238
116	259
116	265
116	266
116	281
116	293
116	297
116	330
116	338
116	342
116	362
116	399
116	402
116	413
116	431
116	444
117	155
117	220
117	278
117	321
117	330
117	338
117	346
117	353
117	384
117	393
117	423
118	137
118	160
118	196
118	201
118	217
118	224
118	229
118	262
118	276
118	281
118	295
118	297
118	320
118	396
118	421
118	455
119	135
119	154
119	160
119	165
119	194
119	195
119	198
119	204
119	256
119	295
119	311
119	315
119	321
119	339
119	349
119	362
119	453
120	219
120	223
120	277
120	283
120	305
120	334
120	355
120	388
120	403
120	418
120	456
121	141
121	156
121	173
121	186
121	196
121	212
121	246
121	261
121	317
121	324
121	363
121	369
121	408
121	410
121	412
121	419
121	437
121	459
121	464
122	124
122	175
122	196
122	201
122	238
122	282
122	287
122	326
122	335
122	359
122	373
122	398
122	439
122	443
122	450
122	451
122	452
123	139
123	143
123	147
123	191
123	198
123	203
123	204
123	210
123	262
123	268
123	362
123	377
123	378
123	403
123	443
123	456
124	148
124	252
124	254
124	278
124	281
124	292
124	361
124	383
124	388
124	419
124	455
124	458
125	142
125	155
125	161
125	162
125	163
125	170
125	190
125	248
125	305
125	435
125	454
126	128
126	214
126	253
126	270
126	278
126	300
126	308
126	325
126	365
126	386
126	417
126	440
126	441
126	444
126	450
126	455
127	148
127	154
127	163
127	176
127	179
127	193
127	212
127	260
127	269
127	307
127	357
127	382
127	400
127	412
127	435
127	437
128	201
128	242
128	283
128	285
128	349
128	352
128	366
128	378
128	383
128	387
128	400
128	434
128	460
129	134
129	173
129	193
129	210
129	243
129	272
129	276
129	287
129	332
129	368
129	397
129	404
129	441
129	442
129	443
129	462
130	138
130	145
130	158
130	196
130	200
130	225
130	227
130	240
130	255
130	277
130	320
130	328
130	388
130	432
130	462
131	132
131	134
131	166
131	176
131	247
131	288
131	329
131	335
131	343
131	358
131	400
131	413
131	420
131	428
132	208
132	234
132	241
132	282
132	325
132	337
132	361
132	378
132	461
133	146
133	159
133	163
133	169
133	179
133	180
133	181
133	193
133	227
133	251
133	259
133	308
133	309
133	321
133	329
133	358
133	376
133	421
133	426
134	137
134	174
134	243
134	252
134	284
134	293
134	304
134	337
134	348
134	411
134	419
134	435
135	139
135	200
135	201
135	225
135	227
135	228
135	260
135	262
135	319
135	351
135	382
135	419
135	424
135	430
135	444
135	456
136	165
136	169
136	188
136	213
136	220
136	267
136	302
136	332
136	339
136	344
136	352
136	369
136	375
136	405
136	439
136	443
137	148
137	149
137	161
137	179
137	212
137	254
137	260
137	316
137	320
137	325
137	329
137	337
137	395
137	415
137	426
137	427
138	171
138	214
138	215
138	217
138	222
138	240
138	254
138	288
138	291
138	336
138	358
138	372
138	403
138	414
138	438
138	458
139	148
139	181
139	210
139	212
139	227
139	252
139	269
139	274
139	309
139	336
139	382
140	147
140	178
140	258
140	321
140	329
140	340
140	360
140	364
140	383
140	409
140	421
140	447
140	463
141	168
141	214
141	221
141	234
141	236
141	264
141	272
141	284
141	302
141	305
141	318
141	352
141	360
141	397
141	398
141	404
141	422
141	424
141	429
141	457
142	150
142	160
142	161
142	180
142	186
142	206
142	213
142	220
142	242
142	280
142	312
142	331
142	345
142	352
142	375
143	150
143	173
143	193
143	199
143	228
143	233
143	244
143	259
143	287
143	346
143	377
143	416
143	422
143	430
144	189
144	192
144	212
144	223
144	228
144	238
144	244
144	245
144	251
144	307
144	308
144	351
144	360
144	370
144	391
144	419
144	434
144	442
144	452
145	156
145	182
145	210
145	274
145	298
145	359
145	366
145	372
145	390
145	406
145	428
145	443
145	446
146	199
146	216
146	228
146	242
146	290
146	320
146	339
146	352
146	354
146	355
146	397
146	404
146	430
146	453
146	456
146	462
147	153
147	155
147	195
147	255
147	263
147	271
147	305
147	336
147	344
147	357
147	386
147	418
147	422
147	428
148	170
148	181
148	206
148	231
148	247
148	276
148	306
148	321
148	331
148	401
148	428
148	435
148	455
148	464
149	154
149	193
149	208
149	222
149	234
149	235
149	241
149	276
149	286
149	314
149	353
149	361
149	440
149	441
149	450
149	455
150	154
150	187
150	196
150	297
150	309
150	335
150	366
150	391
150	430
150	448
151	154
151	170
151	186
151	323
151	325
151	328
151	363
151	364
151	407
151	445
151	462
152	184
152	185
152	191
152	223
152	240
152	249
152	321
152	375
152	456
152	460
153	171
153	173
153	192
153	230
153	234
153	242
153	284
153	286
153	341
153	345
153	370
153	420
153	452
154	159
154	168
154	193
154	201
154	235
154	239
154	251
154	260
154	262
154	280
154	293
154	308
154	319
154	356
154	361
154	376
154	381
154	437
154	450
154	452
155	217
155	254
155	294
155	301
155	302
155	386
155	423
155	460
155	461
156	170
156	174
156	198
156	226
156	255
156	259
156	341
156	353
156	363
156	367
156	400
156	406
156	423
156	425
156	431
157	170
157	205
157	219
157	314
157	318
157	323
157	345
157	350
157	352
157	397
157	450
158	181
158	225
158	278
158	290
158	298
158	354
158	360
158	394
158	413
158	424
159	178
159	191
159	222
159	331
159	390
159	398
159	404
159	405
160	177
160	180
160	184
160	216
160	242
160	256
160	268
160	273
160	323
160	331
160	400
160	403
160	435
160	439
161	164
161	189
161	203
161	204
161	272
161	301
161	310
161	372
161	396
161	402
161	404
161	415
161	419
161	442
161	455
162	216
162	226
162	232
162	265
162	332
162	342
162	384
162	388
162	397
162	418
162	434
163	167
163	173
163	179
163	183
163	195
163	209
163	220
163	242
163	304
163	319
163	328
163	329
163	397
163	401
163	429
163	453
164	187
164	198
164	262
164	279
164	309
164	317
164	323
164	411
164	446
164	464
165	176
165	188
165	212
165	221
165	239
165	259
165	287
165	322
165	391
165	430
165	451
165	457
166	170
166	205
166	214
166	245
166	248
166	272
166	277
166	287
166	300
166	363
166	371
166	373
166	375
166	411
166	442
167	169
167	186
167	202
167	233
167	270
167	288
167	300
167	314
167	339
167	351
167	367
167	368
167	393
167	414
168	179
168	189
168	206
168	235
168	267
168	276
168	285
168	308
168	337
168	396
168	402
169	220
169	239
169	277
169	315
169	332
169	346
169	360
169	371
169	426
169	435
169	455
169	459
170	229
170	233
170	240
170	262
170	366
170	390
170	426
170	436
171	197
171	244
171	252
171	280
171	309
171	317
171	354
171	380
171	423
172	212
172	213
172	265
172	284
172	300
172	382
172	383
172	403
172	410
172	418
172	422
172	450
173	189
173	210
173	221
173	225
173	249
173	271
173	278
173	292
173	325
173	329
173	351
173	366
173	369
173	381
173	392
173	429
173	458
173	463
174	200
174	244
174	288
174	310
174	335
174	370
174	386
174	409
174	450
175	205
175	208
175	238
175	245
175	246
175	280
175	292
175	305
175	353
175	358
175	372
175	399
175	444
175	449
176	206
176	242
176	284
176	297
176	327
176	330
176	348
176	372
176	377
176	407
176	429
176	433
176	438
176	455
177	189
177	195
177	222
177	265
177	302
177	323
177	389
177	392
177	398
177	449
178	263
178	272
178	276
178	310
178	354
178	356
178	386
178	387
178	408
178	443
178	451
179	201
179	217
179	232
179	296
179	372
179	380
179	381
179	385
179	462
180	182
180	193
180	202
180	283
180	299
180	324
180	336
180	341
180	346
180	368
180	372
180	384
180	393
180	449
180	450
180	456
181	186
181	200
181	237
181	241
181	253
181	266
181	292
181	339
181	345
181	361
181	369
181	403
181	404
181	409
181	421
181	440
182	192
182	232
182	242
182	244
182	289
182	298
182	309
182	333
182	346
182	443
182	454
183	191
183	208
183	250
183	271
183	286
183	294
183	306
183	343
183	346
183	352
183	401
183	421
183	424
183	429
183	440
184	188
184	203
184	211
184	227
184	259
184	262
184	301
184	355
184	373
184	415
184	416
184	448
184	462
185	192
185	205
185	213
185	221
185	245
185	295
185	296
185	331
185	346
185	349
185	352
185	369
185	371
185	448
185	451
186	187
186	268
186	300
186	338
186	340
186	380
186	430
187	223
187	247
187	293
187	300
187	322
187	341
187	342
187	380
187	383
187	394
187	442
187	456
187	458
188	233
188	238
188	247
188	263
188	294
188	356
188	374
188	442
188	445
189	190
189	241
189	280
189	299
189	339
189	391
189	395
189	410
189	420
189	447
189	449
189	458
190	206
190	237
190	253
190	290
190	332
190	335
190	385
190	397
190	445
191	197
191	235
191	246
191	247
191	260
191	261
191	304
191	329
191	347
191	355
191	357
191	361
191	460
192	193
192	226
192	232
192	273
192	289
192	306
192	323
192	384
192	408
193	202
193	275
193	284
193	305
193	358
193	371
193	424
193	440
194	196
194	233
194	249
194	303
194	309
194	314
194	327
194	376
194	380
194	410
194	415
195	201
195	229
195	273
195	281
195	283
195	290
195	292
195	382
195	390
195	407
195	410
195	416
195	435
195	447
195	460
195	462
196	261
196	268
196	269
196	277
196	278
196	291
196	305
196	337
196	367
196	385
196	389
196	412
196	420
196	464
197	209
197	286
197	330
197	339
197	344
197	349
197	371
197	373
197	384
197	406
197	411
197	417
197	430
198	218
198	220
198	247
198	249
198	255
198	276
198	303
198	334
198	347
198	372
198	392
198	394
198	423
198	432
199	238
199	243
199	264
199	307
199	329
199	330
199	382
199	455
200	255
200	292
200	297
200	311
200	323
200	331
200	333
200	366
200	394
200	403
200	409
200	418
200	419
200	428
200	458
201	235
201	236
201	252
201	268
201	294
201	296
201	336
201	391
201	406
201	443
202	262
202	317
202	326
202	353
202	394
202	398
202	430
202	440
202	445
202	454
203	301
203	339
203	368
203	373
203	379
203	386
203	389
203	399
203	456
204	206
204	234
204	341
204	375
204	376
204	401
204	406
204	446
205	252
205	254
205	267
205	274
205	278
205	287
205	290
205	306
205	362
205	389
205	392
205	437
205	456
205	464
206	209
206	220
206	224
206	233
206	245
206	306
206	336
206	346
206	384
206	397
206	444
207	227
207	240
207	241
207	266
207	295
207	336
207	366
207	390
207	433
208	217
208	251
208	265
208	295
208	363
208	366
209	235
209	243
209	340
209	356
209	363
209	370
209	439
209	441
210	215
210	247
210	252
210	268
210	288
210	297
210	330
210	412
210	434
210	446
211	222
211	346
211	364
211	367
211	375
211	394
211	425
211	440
212	216
212	234
212	263
212	273
212	276
212	324
212	344
212	370
212	451
212	459
212	460
213	247
213	316
213	325
213	327
213	335
213	341
213	391
214	216
214	237
214	246
214	266
214	282
214	290
214	297
214	320
214	323
214	440
215	223
215	238
215	243
215	247
215	264
215	297
215	316
215	350
215	373
215	386
215	395
215	431
215	437
215	457
216	246
216	266
216	275
216	287
216	288
216	320
216	345
216	352
216	357
216	378
216	386
216	406
216	429
217	224
217	258
217	308
217	337
217	341
217	349
217	354
217	379
217	395
218	228
218	233
218	235
218	243
218	326
218	333
218	378
218	388
218	393
218	397
218	426
218	428
218	444
219	229
219	242
219	256
219	274
219	288
219	296
219	321
219	335
219	366
219	377
219	405
219	410
219	431
220	223
220	236
220	243
220	245
220	308
220	359
220	363
220	385
220	387
220	391
220	439
220	452
220	462
221	237
221	248
221	253
221	293
221	311
221	316
221	319
221	322
221	342
221	345
221	368
221	371
221	395
221	411
221	458
222	238
222	242
222	263
222	276
222	309
222	330
222	342
222	343
222	347
222	348
222	351
222	353
222	390
222	395
222	421
222	430
222	455
223	224
223	232
223	239
223	245
223	294
223	320
223	333
223	377
223	450
224	243
224	253
224	263
224	335
224	340
224	365
224	366
224	423
224	430
224	450
224	455
225	244
225	259
225	278
225	289
225	304
225	315
225	316
225	367
225	421
225	434
226	243
226	244
226	272
226	286
226	294
226	297
226	329
226	336
226	383
226	420
226	436
226	440
227	268
227	270
227	275
227	276
227	282
227	293
227	303
227	310
227	316
227	348
227	404
227	418
227	433
227	441
228	241
228	246
228	272
228	275
228	293
228	303
228	320
228	335
228	368
228	389
228	406
228	464
229	243
229	269
229	323
229	325
229	349
229	355
229	386
229	413
229	423
229	438
229	441
229	443
229	456
230	233
230	263
230	267
230	278
230	289
230	304
230	351
230	376
230	379
230	398
230	452
230	458
231	265
231	289
231	295
231	332
231	335
231	347
231	397
231	416
231	433
232	258
232	268
232	280
232	293
232	334
232	345
232	358
232	380
232	422
232	425
232	450
232	463
233	251
233	263
233	271
233	273
233	281
233	288
233	301
233	302
233	305
233	343
233	413
234	247
234	260
234	268
234	280
234	284
234	312
234	338
234	350
234	369
234	379
234	437
234	456
234	461
235	242
235	278
235	304
235	341
235	360
235	361
235	388
235	426
235	427
235	458
236	291
236	307
236	372
236	390
236	410
236	431
237	246
237	254
237	345
237	353
237	378
237	385
237	386
237	428
237	449
237	456
238	239
238	264
238	282
238	372
238	396
238	409
238	429
238	450
238	453
238	457
238	458
239	270
239	286
239	296
239	302
239	303
239	319
239	335
239	348
239	353
239	362
239	381
239	433
240	244
240	292
240	294
240	356
240	357
240	390
240	404
240	414
240	431
240	454
241	252
241	258
241	307
241	309
241	328
241	337
241	340
241	411
241	424
242	260
242	338
242	370
242	394
242	399
242	413
242	452
242	460
243	248
243	273
243	291
243	295
243	402
243	436
243	440
243	451
243	460
244	291
244	304
244	315
244	349
244	366
244	394
244	432
244	449
244	455
245	296
245	303
245	325
245	326
245	332
245	339
245	352
245	355
245	397
245	433
246	267
246	301
246	316
246	319
246	394
246	403
246	408
247	252
247	258
247	260
247	267
247	302
247	352
247	358
247	398
247	434
247	460
248	253
248	280
248	287
248	313
248	315
248	340
248	360
248	380
248	396
248	400
248	455
249	253
249	274
249	330
249	357
249	364
249	377
249	402
249	431
249	459
250	257
250	261
250	303
250	307
250	313
250	363
250	374
250	396
250	402
250	436
250	439
251	292
251	372
251	390
251	410
251	424
251	434
251	438
251	441
252	281
252	307
252	321
252	364
252	371
252	373
252	381
252	383
252	392
252	455
253	278
253	297
253	313
253	334
253	350
253	365
253	366
253	369
253	371
253	389
253	417
253	446
253	458
254	318
254	367
254	377
254	387
254	400
254	402
254	414
254	417
254	428
255	269
255	278
255	358
255	360
255	406
255	451
256	295
256	334
256	367
256	372
256	377
256	430
257	260
257	411
258	271
258	302
258	305
258	313
258	334
258	343
258	378
258	418
259	273
259	276
259	306
259	331
259	340
259	364
259	393
259	430
259	432
259	454
260	276
260	285
260	324
260	363
260	373
260	393
260	399
260	430
260	442
261	268
261	290
261	326
261	349
261	365
261	406
261	408
261	427
261	448
261	456
261	459
262	270
262	272
262	283
262	333
262	389
262	436
262	464
263	307
263	348
263	350
263	387
263	427
263	456
263	457
263	460
264	272
264	335
264	336
264	349
264	367
264	374
264	379
265	278
265	334
265	344
265	345
265	356
265	390
265	405
265	415
265	418
265	424
265	433
266	276
266	329
266	354
266	359
266	368
266	384
266	414
266	421
266	433
266	458
267	271
267	347
267	365
267	399
267	448
268	278
268	284
268	312
268	338
268	369
268	376
268	419
268	456
268	458
269	283
269	299
269	341
269	363
269	414
269	420
269	423
269	426
269	453
270	319
270	341
270	351
270	373
270	384
270	393
270	449
271	279
271	313
271	322
271	327
271	336
271	342
271	365
271	367
271	390
272	276
272	315
272	376
272	452
273	283
273	333
273	338
273	340
273	346
273	348
273	349
273	351
273	361
273	370
273	386
273	427
273	439
274	290
274	303
274	312
274	341
274	348
274	354
274	408
274	422
274	425
275	316
275	331
275	332
275	430
275	453
275	461
275	462
276	285
276	307
276	316
276	368
276	384
276	395
276	429
276	433
276	454
276	459
277	278
277	288
277	295
277	315
277	322
277	325
277	329
277	397
277	408
277	409
277	423
277	432
277	443
278	281
278	334
278	354
278	380
278	387
278	442
279	280
279	348
279	365
279	369
279	404
279	430
280	299
280	370
280	388
281	285
281	300
281	315
281	365
281	366
281	371
281	392
281	441
281	443
281	449
281	450
281	459
282	331
282	351
282	361
282	365
282	369
282	370
282	372
282	381
282	433
282	437
282	443
283	303
283	314
283	317
283	375
283	387
283	423
283	431
284	291
284	325
284	339
284	344
284	397
285	300
285	326
285	331
285	340
285	386
285	413
285	414
285	420
286	290
286	291
286	315
286	373
286	379
286	382
286	384
286	401
286	457
287	321
287	324
287	353
287	437
288	312
288	350
288	366
288	425
288	427
288	444
288	448
288	459
289	309
289	322
289	352
289	358
289	373
289	394
289	398
289	402
289	403
289	430
289	443
289	460
289	462
290	304
290	330
290	340
290	343
290	359
290	363
290	364
290	377
290	415
290	445
291	316
291	380
291	393
291	403
291	406
291	444
291	448
292	338
292	411
292	431
293	370
293	405
293	424
293	437
293	462
294	342
294	365
294	401
294	403
294	423
294	427
294	446
294	447
294	456
295	325
295	332
295	360
295	420
295	434
295	445
296	339
296	361
296	385
296	396
296	397
296	405
296	427
296	457
297	309
297	316
297	326
297	334
297	350
297	373
297	399
297	446
297	459
298	333
298	357
298	365
298	369
298	412
298	444
299	324
299	362
299	396
299	408
299	433
299	434
300	382
300	458
301	329
301	343
301	360
301	375
301	379
301	398
301	427
302	305
302	358
302	361
302	362
302	431
302	460
303	306
303	366
303	387
303	392
303	398
303	404
303	419
303	423
303	450
304	348
304	352
304	361
304	374
304	401
304	410
304	415
304	446
305	330
305	334
305	367
305	403
306	319
306	351
306	375
306	384
306	389
306	395
306	440
306	449
306	456
307	325
307	342
307	366
307	386
307	429
308	358
308	380
308	397
308	417
308	425
308	450
309	343
309	346
309	347
309	355
309	372
309	413
309	417
309	418
310	311
310	342
310	373
310	385
310	401
310	426
310	448
310	456
311	329
311	349
311	363
311	372
311	428
312	318
312	332
312	334
312	420
312	453
313	322
313	337
313	338
313	346
313	349
313	376
313	377
313	381
313	425
313	435
313	451
313	452
313	456
314	318
314	321
314	361
314	362
314	368
314	387
314	405
314	426
314	459
315	336
315	403
315	422
315	453
315	456
316	328
316	352
316	388
316	393
316	400
316	431
316	451
317	336
317	346
317	369
317	392
317	415
317	452
317	455
318	324
318	325
318	332
318	346
318	368
318	408
318	431
318	451
318	461
319	320
319	337
319	345
319	353
319	363
319	399
319	414
319	427
319	440
320	328
320	331
320	381
320	386
320	433
320	446
321	322
321	359
321	424
321	430
321	443
321	448
321	454
322	330
322	339
322	369
322	378
322	385
322	407
322	410
323	347
323	349
323	420
323	438
324	341
324	381
324	404
324	427
324	440
324	444
325	340
325	342
325	343
325	349
325	393
325	442
325	444
325	452
325	462
326	328
326	349
326	380
326	392
326	409
326	414
326	420
326	444
326	455
327	393
328	383
328	440
328	448
328	459
329	387
329	404
329	407
329	436
329	446
330	377
330	403
330	408
330	417
330	423
331	339
331	391
331	403
331	449
331	459
332	350
332	370
332	374
332	410
332	411
333	377
333	386
333	390
333	455
334	376
334	404
334	416
334	419
335	397
335	443
335	452
336	362
336	373
336	401
336	413
336	414
336	422
337	374
337	377
337	379
337	393
337	403
337	413
337	456
338	347
338	357
338	380
338	389
338	410
338	418
338	424
338	461
339	349
339	426
339	445
340	363
340	394
340	403
340	405
340	406
340	433
340	453
341	364
341	381
341	391
341	436
342	343
342	421
342	431
343	354
343	356
343	403
344	359
344	371
344	384
344	395
344	427
345	374
345	414
345	423
345	457
346	356
346	360
346	369
346	380
346	398
346	428
346	462
346	463
347	349
347	380
347	395
347	405
347	420
347	428
347	440
347	441
347	445
347	449
347	450
348	362
348	377
348	387
348	449
349	377
349	427
350	355
350	396
350	407
350	409
350	429
350	457
351	353
351	356
351	404
351	405
351	408
351	452
351	458
352	367
352	404
352	420
352	430
352	446
352	451
352	454
353	358
353	407
353	426
353	435
353	442
353	461
354	407
354	449
355	402
355	434
356	358
356	368
356	376
356	436
356	441
357	365
357	449
358	364
358	375
358	406
358	411
358	416
359	363
359	387
359	450
359	464
360	415
360	442
361	419
361	437
361	460
362	395
362	396
362	402
362	423
362	438
362	439
362	454
362	463
363	364
363	365
363	388
363	389
363	409
363	438
364	396
364	416
364	423
364	424
364	431
364	438
364	442
365	381
365	402
365	427
365	438
365	447
366	373
366	392
366	409
366	411
366	438
367	373
367	375
367	388
367	453
367	459
368	382
369	375
369	428
369	429
369	433
370	378
370	386
370	427
370	450
371	402
371	410
371	458
372	378
372	388
372	405
372	414
372	416
372	420
373	377
373	380
373	383
373	387
373	400
373	427
374	398
374	409
374	410
374	445
375	383
375	426
375	429
375	440
375	464
376	415
376	421
376	430
376	434
376	453
377	378
377	388
377	395
377	397
377	411
377	413
377	437
377	448
378	427
379	439
379	459
380	419
380	461
381	409
381	411
381	418
381	446
381	457
382	398
382	430
382	441
383	387
383	419
383	423
383	424
383	427
383	439
383	453
383	454
383	460
384	412
385	448
385	457
385	462
386	417
386	429
386	437
387	437
387	455
388	425
388	439
389	454
390	394
390	404
390	423
390	428
390	434
391	400
391	405
391	425
391	433
391	446
391	462
392	416
392	444
393	398
393	403
393	434
393	438
393	452
393	453
394	395
395	461
396	399
396	420
396	421
397	407
397	421
397	423
398	414
398	445
398	447
398	456
398	462
399	407
399	453
400	403
400	414
400	453
401	426
401	428
401	449
402	434
402	439
404	412
404	416
404	417
404	430
404	440
404	442
404	450
404	461
405	409
405	462
406	427
406	446
407	421
408	411
408	425
408	442
409	412
409	423
409	449
409	453
411	435
413	435
413	438
413	439
414	451
414	457
414	458
416	459
417	419
418	420
418	460
419	425
420	427
420	430
420	448
420	462
421	435
421	440
422	437
422	453
423	439
423	456
425	432
425	442
425	456
426	452
426	456
426	463
427	430
427	458
428	460
429	441
429	447
430	444
432	454
432	464
433	434
433	438
433	449
433	450
433	454
434	457
436	448
436	450
436	455
436	458
438	447
438	463
441	450
441	451
441	459
442	453
442	461
444	453
444	462
446	454
446	459
449	462
451	456
453	463
454	455
454	464
456	463
459	460
459	463
462	463
