1	4
1	18
1	56
1	155
1	241
1	304
1	305
1	332
1	408
1	419
1	433
1	444
1	449
1	452
1	453
2	90
2	168
2	169
2	183
2	198
2	214
2	322
2	329
2	365
2	392
2	409
3	68
3	84
3	121
3	148
3	241
3	277
3	310
3	325
3	339
3	346
3	400
3	433
3	445
4	10
4	40
4	103
4	187
4	257
4	268
4	275
4	392
4	401
4	413
4	418
4	428
4	447
4	449
5	37
5	42
5	141
5	166
5	182
5	187
5	234
5	237
5	242
5	246
5	253
5	298
5	319
5	374
5	389
5	405
5	427
6	28
6	115
6	170
6	211
6	214
6	216
6	218
6	219
6	241
6	251
6	291
6	324
6	391
6	394
6	408
6	418
7	41
7	44
7	46
7	113
7	153
7	207
7	210
7	212
7	274
7	330
7	359
7	402
7	436
8	68
8	86
8	106
8	111
8	165
8	178
8	397
9	62
9	80
9	101
9	136
9	160
9	179
9	199
9	202
9	298
9	369
9	380
9	407
9	419
9	434
9	461
10	58
10	79
10	91
10	92
10	147
10	342
10	360
10	361
10	451
11	84
11	126
11	217
11	222
11	243
11	265
11	278
11	381
11	460
12	13
12	21
12	25
12	77
12	97
12	120
12	139
12	177
12	184
12	216
12	250
12	335
12	357
12	404
13	16
13	58
13	61
13	74
13	93
13	149
13	214
13	220
13	279
13	298
13	309
13	346
13	363
13	370
13	404
13	416
14	16
14	31
14	65
14	70
14	200
14	228
14	253
14	331
14	345
14	413
14	414
15	22
15	30
15	41
15	59
15	101
15	179
15	183
15	239
15	241
15	269
15	323
15	439
16	44
16	57
16	75
16	158
16	188
16	202
16	224
16	268
16	272
16	363
16	413
16	448
17	26
17	36
17	104
17	105
17	106
17	197
17	206
17	232
17	238
17	256
17	283
17	356
17	391
17	398
17	419
17	425
18	22
18	149
18	175
18	205
18	214
18	276
18	318
18	322
18	335
18	423
19	76
19	137
19	143
19	191
19	194
19	203
19	255
19	292
19	307
19	309
19	422
19	437
19	438
19	447
20	25
20	29
20	33
20	40
20	77
20	134
20	196
20	200
20	204
20	211
20	252
20	270
20	303
20	317
20	319
20	339
20	395
20	405
20	423
20	437
21	91
21	108
21	120
21	128
21	156
21	160
21	195
21	253
21	262
21	299
21	435
22	147
22	217
22	220
22	226
22	258
22	272
22	274
22	299
22	375
22	416
22	441
22	442
22	451
23	98
23	126
23	168
23	231
23	257
23	366
23	447
24	45
24	63
24	101
24	167
24	173
24	243
24	273
24	305
24	314
24	319
24	344
24	351
24	386
24	408
25	29
25	69
25	84
25	100
25	111
25	198
25	203
25	217
25	383
25	407
25	411
25	418
25	420
26	27
26	70
26	89
26	130
26	154
26	170
26	202
26	220
26	285
26	309
26	352
26	357
26	370
26	393
27	40
27	50
27	101
27	104
27	153
27	177
27	214
27	219
27	317
27	330
27	337
27	361
27	388
27	390
27	397
28	153
28	233
28	257
28	297
28	317
28	333
28	382
28	413
28	426
28	431
28	457
29	34
29	57
29	100
29	117
29	122
29	164
29	194
29	197
29	201
29	215
29	225
29	260
29	265
29	284
29	325
29	348
29	368
29	427
29	458
30	90
30	135
30	147
30	176
30	219
30	221
30	223
30	226
30	327
30	359
30	451
31	60
31	61
31	96
31	147
31	157
31	158
31	181
31	199
31	222
31	285
31	348
31	409
31	423
31	458
32	65
32	97
32	137
32	149
32	175
32	187
32	195
32	231
32	261
32	262
32	269
32	288
32	322
32	333
32	335
32	346
32	378
32	382
32	387
32	400
32	425
32	438
32	463
33	49
33	71
33	72
33	100
33	104
33	145
33	214
33	215
33	218
33	222
33	243
33	288
33	367
33	373
33	378
33	382
33	403
33	409
33	412
34	47
34	72
34	77
34	123
34	180
34	226
34	229
34	244
34	283
34	290
34	325
34	331
34	389
34	395
34	402
34	423
34	437
34	450
35	48
35	59
35	96
35	130
35	142
35	155
35	193
35	200
35	259
35	291
35	355
35	418
35	439
35	450
36	65
36	87
36	95
36	107
36	130
36	149
36	165
36	219
36	252
36	253
36	307
36	319
36	336
36	348
36	352
36	418
36	447
36	456
36	464
37	78
37	94
37	96
37	98
37	134
37	147
37	154
37	159
37	188
37	211
37	230
37	236
37	334
37	339
37	353
37	364
37	387
37	393
37	402
37	403
37	441
38	57
38	77
38	98
38	114
38	131
38	209
38	225
38	250
38	301
38	318
38	367
38	370
38	437
38	443
39	207
39	259
39	278
39	333
39	335
39	363
39	365
39	394
39	441
39	453
39	457
40	43
40	69
40	192
40	198
40	209
40	217
40	288
40	308
40	311
40	351
40	367
40	381
41	105
41	179
41	206
41	225
41	231
41	245
41	364
41	367
41	417
41	450
42	64
42	71
42	122
42	132
42	133
42	193
42	281
42	310
42	318
42	321
42	324
42	373
42	377
43	71
43	130
43	135
43	139
43	167
43	210
43	222
43	252
43	261
43	266
43	278
43	316
43	327
43	329
43	331
43	341
43	350
43	373
43	383
43	384
43	414
44	45
44	110
44	111
44	162
44	221
44	234
44	244
44	276
44	283
44	294
44	308
44	374
44	409
44	445
45	49
45	80
45	148
45	184
45	193
45	210
45	253
45	316
45	336
45	355
45	375
45	423
45	454
45	459
46	53
46	54
46	56
46	58
46	64
46	68
46	141
46	171
46	189
46	193
46	241
46	261
46	274
46	298
46	392
47	74
47	76
47	132
47	149
47	161
47	168
47	243
47	283
47	290
47	319
47	339
47	349
47	371
47	381
47	423
47	438
48	123
48	180
48	194
48	202
48	216
48	231
48	239
48	247
48	306
48	319
48	374
48	420
49	134
49	206
49	252
49	283
49	355
49	389
49	396
49	398
49	416
49	426
49	441
49	447
49	460
50	61
50	135
50	189
50	298
50	313
50	438
50	447
50	454
51	55
51	66
51	109
51	180
51	190
51	218
51	227
51	279
51	303
51	312
51	317
51	330
51	332
51	361
51	433
52	60
52	132
52	163
52	175
52	186
52	190
52	254
52	268
52	347
52	351
52	359
52	396
52	442
52	455
52	460
53	176
53	211
53	212
53	226
53	298
53	300
53	353
53	376
53	395
53	417
53	440
53	445
53	448
54	106
54	131
54	152
54	157
54	210
54	261
54	273
54	353
54	423
55	152
55	218
55	231
55	269
55	306
55	315
55	355
55	359
55	361
55	433
55	442
55	463
56	91
56	133
56	146
56	159
56	328
56	358
56	379
56	404
56	425
57	107
57	113
57	131
57	186
57	207
57	222
57	311
57	379
57	404
57	415
57	446
58	62
58	144
58	215
58	243
58	266
58	278
58	292
58	362
58	431
58	439
59	69
59	92
59	112
59	120
59	136
59	185
59	188
59	191
59	231
59	272
59	365
59	411
59	450
60	154
60	166
60	282
60	302
60	318
60	331
60	335
61	79
61	129
61	134
61	137
61	187
61	302
61	318
61	325
61	350
61	361
61	381
61	417
62	79
62	121
62	138
62	142
62	190
62	202
62	382
62	391
62	418
63	64
63	82
63	84
63	114
63	117
63	129
63	135
63	237
63	241
63	333
63	396
64	73
64	80
64	96
64	113
64	124
64	240
64	270
64	325
64	329
64	336
64	385
64	426
64	456
65	124
65	175
65	191
65	206
65	235
65	273
65	286
65	322
65	343
65	367
65	396
66	103
66	175
66	199
66	226
66	283
66	303
66	327
66	421
67	88
67	113
67	117
67	133
67	278
67	328
67	372
67	385
67	404
68	109
68	112
68	113
68	116
68	136
68	156
68	163
68	194
68	227
68	301
68	325
68	327
68	427
68	447
69	106
69	109
69	122
69	124
69	185
69	211
69	220
69	258
69	279
69	281
69	286
69	340
69	351
69	369
69	398
69	416
69	418
69	431
69	451
69	452
69	456
69	463
70	95
70	105
70	178
70	182
70	221
70	290
70	411
70	420
70	425
71	83
71	104
71	138
71	176
71	265
71	278
71	366
71	456
72	78
72	126
72	164
72	167
72	272
72	308
72	355
72	411
72	449
73	85
73	183
73	242
73	254
73	261
73	270
73	284
73	323
73	340
73	350
73	361
73	402
73	409
73	414
74	218
74	251
74	260
74	335
74	341
74	424
74	447
74	460
75	149
75	180
75	184
75	346
75	352
75	418
75	433
76	101
76	151
76	229
76	232
76	254
76	264
76	280
76	325
76	366
76	369
76	406
77	95
77	140
77	165
77	228
77	237
77	313
77	359
77	379
77	418
77	450
78	163
78	171
78	176
78	179
78	193
78	268
78	340
78	381
78	404
78	407
79	115
79	161
79	189
79	207
79	233
79	300
79	318
79	354
79	357
79	365
79	375
79	410
79	416
79	451
79	452
80	147
80	161
80	194
80	239
80	279
80	304
80	324
80	345
80	380
80	382
80	394
80	398
81	151
81	204
81	234
81	259
81	264
81	329
81	351
81	360
81	367
81	458
82	83
82	86
82	136
82	146
82	167
82	174
82	182
82	210
82	265
82	392
82	447
82	454
83	105
83	176
83	239
83	255
83	258
83	317
83	346
83	350
83	370
83	377
83	425
83	432
83	442
83	455
84	168
84	173
84	225
84	294
84	307
84	324
84	395
84	405
85	86
85	105
85	138
85	162
85	168
85	207
85	214
85	220
85	275
85	316
85	329
85	352
85	411
85	437
86	94
86	154
86	193
86	202
86	223
86	278
86	368
87	92
87	267
87	269
87	274
87	319
87	378
87	379
87	451
88	111
88	275
88	312
88	330
88	385
88	446
89	91
89	173
89	211
89	227
89	265
89	282
89	393
89	449
90	143
90	171
90	181
90	189
90	215
90	238
90	281
90	285
90	337
90	362
90	396
90	401
91	102
91	107
91	131
91	142
91	160
91	213
91	216
91	258
91	300
91	320
91	385
91	399
92	148
92	192
92	223
92	232
92	280
92	289
92	324
92	341
92	357
92	381
92	382
92	412
92	426
93	100
93	163
93	200
93	231
93	234
93	251
93	252
93	257
93	264
93	266
93	268
93	272
93	292
93	318
93	351
93	363
93	391
93	443
93	445
94	131
94	134
94	154
94	196
94	208
94	250
94	277
94	322
94	370
94	410
95	99
95	180
95	201
95	226
95	284
95	287
95	341
95	366
95	417
95	452
96	99
96	122
96	124
96	172
96	184
96	209
96	289
96	317
96	337
96	361
96	389
96	396
96	401
97	124
97	126
97	136
97	202
97	209
97	276
97	295
97	302
97	307
97	310
97	370
97	373
97	456
97	463
98	208
98	230
98	248
98	261
98	266
98	273
98	327
98	428
98	435
98	438
99	108
99	154
99	177
99	200
99	217
99	330
99	386
99	387
99	395
99	413
99	422
99	455
100	150
100	193
100	199
100	298
100	310
100	332
100	343
100	379
100	405
100	423
100	430
101	104
101	116
101	147
101	149
101	162
101	174
101	201
101	331
101	346
101	348
101	358
101	396
101	399
101	407
101	463
101	464
102	120
102	134
102	178
102	261
102	281
102	329
102	340
102	388
102	413
102	454
103	168
103	184
103	219
103	223
103	281
103	282
103	290
103	416
103	444
104	181
104	198
104	212
104	217
104	262
104	302
104	356
104	358
104	366
104	382
104	410
105	128
105	134
105	160
105	212
105	236
105	269
105	342
105	348
105	386
105	397
105	441
105	459
106	148
106	154
106	193
106	229
106	252
106	345
106	346
106	361
106	385
106	414
106	428
107	135
107	137
107	146
107	175
107	225
107	227
107	237
107	262
107	269
107	319
107	396
107	399
107	402
107	425
108	132
108	155
108	227
108	250
108	291
108	300
108	357
108	371
109	153
109	169
109	220
109	223
109	239
109	290
109	296
109	403
110	142
110	212
110	256
110	285
110	355
110	358
110	382
110	459
111	113
111	166
111	207
111	214
111	220
111	273
111	289
111	317
111	342
111	345
111	370
111	374
111	407
111	411
111	443
111	444
111	458
112	172
112	176
112	230
112	282
112	321
112	420
112	446
113	114
113	180
113	198
113	218
113	231
113	240
113	244
113	276
113	279
113	309
113	349
113	353
113	380
113	404
113	409
113	412
113	419
113	445
113	459
114	128
114	147
114	183
114	248
114	250
114	269
114	289
114	303
114	318
114	361
114	376
114	390
115	120
115	122
115	136
115	356
115	362
115	368
115	376
115	401
115	437
116	124
116	157
116	174
116	182
116	194
116	201
116	216
116	221
116	235
116	248
116	256
116	293
116	323
116	330
116	357
116	402
116	428
116	431
117	120
117	124
117	202
117	204
117	236
117	428
118	187
118	221
118	270
118	298
118	300
118	315
118	321
118	346
118	360
118	415
119	120
119	136
119	233
119	244
119	252
119	263
119	271
119	306
119	307
119	312
119	323
119	355
119	428
119	436
120	182
120	187
120	245
120	249
120	256
120	281
120	309
120	363
120	365
120	371
120	385
120	392
120	435
120	457
121	139
121	144
121	213
121	256
121	287
121	342
121	369
121	370
121	421
122	149
122	221
122	224
122	273
122	278
122	404
122	418
122	453
123	168
123	171
123	192
123	228
123	273
123	297
123	299
123	305
123	329
123	334
123	338
123	390
123	392
123	393
123	399
123	419
123	448
123	450
123	458
124	125
124	138
124	140
124	226
124	246
124	272
124	300
124	305
124	358
124	370
124	422
124	437
124	448
125	168
125	191
125	299
125	358
125	387
125	415
125	439
126	162
126	170
126	236
126	377
126	451
126	452
126	453
127	155
127	168
127	236
127	237
127	298
127	347
127	371
127	396
127	416
127	458
128	212
128	220
128	400
128	401
128	429
128	444
128	451
129	145
129	168
129	169
129	177
129	183
129	242
129	295
129	371
129	387
129	444
129	456
129	463
130	182
130	197
130	262
130	282
130	284
130	319
130	324
130	345
130	392
130	405
130	413
130	448
131	222
131	232
131	271
131	342
131	353
131	367
131	394
131	400
131	454
131	458
132	133
132	142
132	165
132	180
132	191
132	193
132	228
132	244
132	297
132	303
132	335
132	386
132	423
133	205
133	210
133	226
133	235
133	290
133	330
133	399
133	403
133	440
134	150
134	171
134	216
134	226
134	309
134	332
134	336
134	345
134	362
134	417
134	455
135	151
135	158
135	192
135	228
135	245
135	307
135	454
136	175
136	206
136	207
136	214
136	330
136	376
136	418
136	432
136	434
136	448
137	138
137	290
137	299
137	334
137	355
137	390
137	433
137	450
137	461
138	159
138	187
138	238
138	279
138	289
138	290
138	297
138	312
138	387
138	389
138	428
138	461
139	142
139	192
139	229
139	250
139	308
139	379
139	399
139	438
140	282
140	288
140	300
140	341
140	366
140	398
140	414
140	464
141	143
141	144
141	145
141	190
141	234
141	349
141	401
141	410
141	449
141	452
142	163
142	176
142	209
142	211
142	213
142	241
142	342
142	381
142	402
143	165
143	184
143	216
143	224
143	323
143	406
143	415
143	416
144	164
144	184
144	237
144	277
144	286
144	298
144	308
144	314
144	351
144	400
144	414
144	426
145	174
145	182
145	222
145	248
145	251
145	274
145	372
145	401
145	445
146	157
146	173
146	174
146	198
146	234
146	244
146	253
146	301
146	307
146	345
146	348
146	401
147	183
147	216
147	219
147	241
147	248
147	269
147	277
147	330
147	400
147	427
147	432
147	460
148	187
148	200
148	218
148	245
148	265
148	296
148	298
148	303
148	324
148	357
148	394
148	398
148	422
148	441
149	199
149	212
149	213
149	219
149	246
149	295
149	304
149	305
149	337
149	358
149	361
149	365
150	191
150	315
150	324
150	344
150	346
150	360
150	428
150	444
151	161
151	210
151	223
151	279
151	280
151	307
151	318
151	330
151	361
151	399
152	206
152	271
152	308
152	325
152	425
152	432
152	459
153	194
153	228
153	236
153	239
153	250
153	280
153	316
153	340
153	358
153	361
153	376
153	384
153	392
153	418
153	434
154	262
154	284
154	291
154	374
154	390
154	460
155	205
155	208
155	244
155	256
155	270
155	271
155	316
155	401
155	406
155	421
155	456
156	245
156	256
156	257
156	295
156	323
156	343
156	352
156	362
156	413
157	160
157	211
157	271
157	308
157	327
157	346
157	368
157	397
157	453
158	185
158	212
158	343
158	383
158	448
158	452
159	171
159	193
159	228
159	248
159	254
159	318
159	336
159	363
159	393
159	397
160	190
160	192
160	272
160	284
160	296
160	310
160	322
160	365
160	375
160	391
160	412
160	447
161	279
161	330
161	376
161	383
161	422
161	449
162	199
162	260
162	345
162	349
162	412
162	441
163	224
163	249
163	356
163	410
164	285
164	292
164	313
164	333
164	383
164	387
164	405
164	430
164	432
164	461
165	219
165	257
165	266
165	270
165	341
165	355
165	372
165	390
166	172
166	185
166	186
166	205
166	239
166	343
166	398
166	449
166	450
167	257
167	260
167	270
167	279
167	285
167	338
167	354
167	374
167	400
167	424
167	425
167	438
168	223
168	320
168	334
168	345
168	366
168	383
168	389
168	423
169	198
169	200
169	319
169	336
169	346
169	356
169	368
169	374
169	422
170	173
170	219
170	224
170	226
170	246
170	281
170	283
170	284
170	316
170	324
170	331
170	342
170	378
170	384
170	452
171	260
171	300
171	332
171	379
171	398
171	431
171	462
172	194
172	201
172	401
172	440
173	342
173	378
173	390
174	266
174	280
174	297
174	353
174	361
174	367
174	385
174	406
174	407
174	444
174	447
175	181
175	205
175	269
175	270
175	305
175	339
175	367
175	383
175	402
175	420
175	450
176	183
176	204
176	237
176	258
176	292
176	329
176	356
176	391
176	395
176	417
176	432
177	206
177	236
177	259
177	272
177	278
177	291
177	334
177	379
177	405
177	414
177	420
177	424
177	437
177	462
178	187
178	362
178	364
178	367
178	368
178	412
179	250
179	293
179	344
179	351
179	425
179	437
180	204
180	218
180	227
180	230
180	314
180	330
180	335
180	464
181	224
181	261
181	264
181	279
181	346
181	352
181	366
181	380
181	460
182	358
182	385
182	417
182	432
182	443
183	224
183	247
183	249
183	278
183	288
183	306
183	375
183	448
184	240
184	274
184	285
184	306
184	326
184	364
184	380
184	420
185	254
185	313
185	339
185	341
185	363
185	421
185	451
186	191
186	249
186	259
186	271
186	364
186	374
186	413
186	416
187	208
187	221
187	324
187	336
187	370
187	393
188	192
188	218
188	222
188	243
188	279
188	282
188	332
188	421
188	427
189	286
189	314
189	315
189	325
189	346
189	357
189	380
189	423
189	431
190	193
190	197
190	253
190	264
190	289
190	371
190	402
190	410
190	420
191	198
191	223
191	252
191	337
191	443
191	456
192	217
192	247
192	248
192	323
192	324
192	360
193	237
193	258
193	295
193	335
193	399
193	416
193	434
193	438
193	441
194	209
194	221
194	238
194	249
194	257
194	311
194	329
194	339
194	340
194	360
194	399
194	429
195	274
195	294
195	323
195	358
195	359
195	375
195	444
196	227
196	299
196	334
196	351
196	401
196	440
196	447
197	219
197	285
197	318
197	319
197	358
197	370
197	402
197	411
197	435
197	460
198	216
198	222
198	233
198	237
198	251
198	267
198	302
198	329
198	359
198	374
198	445
199	219
199	317
199	340
199	369
199	437
199	464
200	227
200	255
200	337
200	339
200	348
200	357
200	382
200	414
200	427
201	208
201	214
201	254
201	279
201	289
201	293
201	298
201	365
201	437
202	290
202	307
202	356
202	397
202	432
202	445
202	459
203	292
203	320
203	402
203	406
203	433
203	439
204	212
204	226
204	240
204	293
204	316
204	319
204	349
204	362
204	363
204	364
204	377
204	412
204	440
205	313
205	338
205	346
205	360
205	367
205	408
205	421
205	429
205	431
205	446
206	208
206	233
206	274
206	307
206	314
206	323
206	348
206	426
206	436
206	458
207	223
207	362
207	405
207	432
208	209
208	228
208	249
208	307
208	328
208	329
208	388
208	412
209	218
209	287
209	332
209	396
209	440
210	227
210	234
210	254
210	328
210	401
210	441
210	459
211	260
211	368
211	378
211	412
211	427
211	448
211	455
212	239
212	350
212	392
212	421
212	426
212	452
213	232
213	291
213	320
213	378
213	387
213	404
213	407
214	223
214	305
214	419
214	444
215	298
215	301
215	347
215	363
215	394
215	445
215	452
215	462
216	238
216	243
216	358
216	361
216	377
216	382
216	404
217	227
217	256
217	297
217	342
217	373
218	316
218	332
218	354
218	358
218	403
218	423
218	425
219	280
219	282
219	300
219	315
219	338
219	343
219	353
219	363
219	379
219	387
219	420
219	432
219	433
219	440
219	450
220	248
220	260
220	283
220	446
221	239
221	258
221	296
221	331
221	366
221	372
221	378
221	431
221	442
222	225
222	243
222	267
222	301
222	314
222	321
223	256
223	269
223	310
223	314
223	334
223	457
224	225
224	235
224	293
224	329
224	390
224	396
224	418
224	424
224	446
225	257
225	282
225	374
225	385
225	437
225	448
226	264
226	283
226	306
226	346
226	366
227	236
227	237
227	238
227	255
227	289
227	367
227	424
227	457
228	242
228	248
228	291
228	364
228	375
228	377
228	393
228	408
228	410
228	417
228	424
228	431
228	453
229	287
229	373
229	378
229	388
229	435
229	460
230	257
230	268
230	280
230	286
230	289
230	314
230	327
230	372
230	375
230	401
230	415
230	434
231	250
231	285
231	329
231	330
231	397
231	400
232	296
232	297
232	302
232	368
232	385
232	386
232	437
232	446
232	457
233	358
234	255
234	283
234	294
234	311
234	356
234	404
235	240
235	263
235	269
235	274
235	283
235	293
235	309
235	323
235	333
235	357
235	391
235	393
235	457
236	270
236	279
236	368
236	425
237	240
237	242
237	258
237	314
237	334
237	352
237	360
237	391
237	399
237	409
237	411
238	252
238	311
238	327
238	350
238	359
238	378
238	385
238	391
238	449
239	325
239	362
239	450
240	261
240	264
240	266
240	273
240	284
240	385
240	425
241	301
241	319
241	321
241	325
241	334
241	388
241	394
241	411
241	417
241	428
241	430
241	449
242	248
242	273
242	279
242	304
242	306
242	312
242	322
242	323
242	364
242	392
242	416
242	440
243	265
243	286
243	327
243	389
243	411
243	413
244	306
244	309
244	313
244	371
244	395
244	450
245	284
245	310
245	332
245	363
245	373
245	374
245	448
245	457
245	458
246	348
246	356
246	357
246	378
246	421
247	249
247	275
247	290
247	304
247	374
248	252
248	253
248	289
248	303
248	365
248	401
248	432
248	433
249	254
249	301
249	443
250	265
250	277
250	309
250	366
250	379
250	443
251	288
251	299
251	331
251	363
251	424
251	429
252	342
252	434
252	462
253	262
253	291
253	312
253	315
253	335
253	352
253	359
253	373
253	452
254	291
254	335
254	341
254	462
255	264
255	294
255	307
255	316
255	326
255	337
255	339
255	456
256	262
256	268
256	305
256	387
257	308
257	343
257	353
257	397
257	407
257	441
258	308
258	333
258	344
258	369
258	383
258	428
259	277
259	281
259	326
259	342
259	356
259	391
259	396
259	445
259	458
260	266
260	275
260	410
260	420
260	449
261	270
261	350
261	365
262	271
262	275
262	328
262	347
262	424
262	430
262	431
262	459
263	350
263	383
263	435
264	285
264	356
264	459
265	278
265	322
265	347
265	391
265	436
266	275
266	315
266	316
266	324
266	341
266	358
266	367
266	422
267	273
267	279
267	308
267	316
267	382
267	406
267	429
267	453
267	461
268	284
268	285
268	287
268	305
268	320
268	381
268	393
268	403
268	418
268	437
268	452
268	459
269	329
269	380
269	391
269	444
270	274
270	287
270	298
270	431
271	310
271	335
271	341
271	382
271	398
271	406
271	427
272	283
272	313
272	420
272	438
273	325
273	338
273	364
273	393
273	459
274	320
274	322
274	328
274	338
274	393
274	437
275	296
275	395
275	402
275	403
275	435
276	281
276	334
276	351
276	377
277	278
277	324
277	335
277	383
277	429
278	332
278	342
278	350
278	351
278	380
278	383
278	409
278	413
279	318
279	333
279	335
279	363
279	381
279	414
279	424
280	298
280	345
280	371
280	408
280	409
280	421
280	428
280	434
280	445
280	459
281	288
281	365
281	387
281	401
281	408
281	411
281	433
282	290
282	310
282	349
282	357
282	371
282	438
282	439
283	288
283	289
283	411
283	462
284	288
284	315
284	322
284	354
284	384
284	405
284	418
284	457
285	293
285	307
285	308
285	342
285	380
285	397
285	460
286	289
286	313
286	397
287	413
287	423
288	297
288	316
288	348
288	448
289	293
289	313
289	344
289	376
289	383
289	386
289	413
289	431
289	442
290	297
290	395
290	446
290	448
290	458
291	318
291	328
291	395
292	304
292	311
292	331
292	377
292	422
292	429
292	456
293	341
293	344
293	352
293	414
294	309
294	419
294	423
294	425
294	431
295	313
295	336
295	367
295	392
296	315
296	363
296	402
296	424
296	442
297	339
297	364
297	418
297	429
297	438
297	448
297	459
298	312
298	333
298	354
298	376
298	380
298	426
298	449
299	330
299	345
299	372
299	374
299	439
299	458
299	462
300	307
300	359
300	410
300	425
300	426
300	427
300	432
301	377
301	393
301	426
301	452
301	455
302	337
302	387
302	403
302	421
302	463
303	324
303	413
303	423
303	441
304	319
304	343
304	346
304	378
304	384
304	411
304	430
304	446
305	320
305	376
306	369
306	370
306	382
306	390
306	430
307	415
307	437
308	349
308	364
308	366
308	374
308	396
308	410
308	432
308	445
308	456
309	344
309	355
310	319
310	365
310	431
310	437
311	321
311	324
311	336
311	370
311	372
311	381
311	384
311	409
311	416
311	436
311	462
312	330
312	371
312	442
313	392
313	446
313	454
314	413
314	450
314	464
315	373
315	416
315	429
316	318
316	321
316	332
316	364
316	374
316	385
316	445
317	388
317	439
317	443
318	330
318	431
318	447
319	359
319	364
319	424
319	449
320	332
320	334
320	337
320	341
320	345
320	353
320	386
320	401
320	445
321	389
321	396
321	438
321	443
321	463
322	356
322	366
322	420
322	443
323	460
324	325
324	327
324	334
324	345
324	382
324	451
325	369
325	392
325	463
326	384
326	401
326	402
326	425
326	438
327	365
327	378
327	462
328	350
328	406
329	343
329	441
330	337
330	351
330	363
330	423
331	343
331	346
331	396
331	415
332	334
333	461
333	463
334	337
334	349
334	387
334	422
334	444
334	463
335	357
336	367
336	369
336	425
336	428
336	438
336	445
336	450
336	453
337	407
337	415
337	429
337	432
337	463
338	415
339	386
339	403
340	356
340	357
340	370
340	382
340	397
340	422
340	456
341	360
341	452
342	381
343	403
345	362
345	415
345	435
345	444
345	461
346	354
346	423
347	365
347	394
347	400
348	355
348	379
348	396
348	419
348	440
349	415
349	427
350	382
350	387
350	430
350	454
351	352
351	370
351	386
351	426
351	448
352	373
352	379
352	387
353	417
353	435
354	393
354	406
354	418
354	437
355	364
355	368
355	374
355	380
355	387
355	427
355	435
355	444
356	357
356	426
356	437
356	444
357	360
357	396
357	433
357	439
358	371
358	386
358	396
358	403
358	423
358	461
359	380
359	389
359	419
359	440
360	381
360	413
360	449
360	464
361	433
361	461
362	392
362	452
362	463
363	402
363	427
364	397
364	411
365	409
365	443
366	392
366	409
366	427
366	433
367	394
367	396
367	438
367	440
367	451
367	463
367	464
368	402
368	414
368	448
368	450
368	457
369	374
370	400
371	408
371	412
371	447
372	376
372	382
372	406
372	408
372	451
372	462
373	399
374	443
374	464
375	401
375	403
376	453
377	385
377	418
377	425
378	387
379	426
379	447
380	392
380	401
380	444
381	464
383	389
383	407
383	414
383	439
384	416
384	435
385	415
385	451
386	431
387	393
387	400
387	424
387	425
387	441
388	427
388	443
389	390
389	399
389	423
389	460
390	458
391	405
392	394
392	405
392	448
393	448
393	458
393	461
395	397
395	419
395	453
395	464
396	436
396	464
398	421
399	446
402	414
402	416
403	406
404	407
404	408
404	413
404	419
405	411
405	458
406	418
406	423
406	437
406	463
408	424
408	442
408	453
409	460
409	461
411	412
412	419
412	420
412	422
412	427
412	435
413	427
414	438
414	443
416	445
416	462
418	445
418	459
418	462
421	423
421	459
422	425
422	435
422	459
423	442
425	451
427	454
427	458
428	435
428	450
428	459
429	438
432	451
432	456
433	444
433	454
433	456
437	448
437	457
441	452
441	458
443	464
450	458
452	457
455	462
456	464
