1	35
1	138
1	170
1	188
1	192
1	220
1	242
1	249
1	262
1	271
1	276
1	323
1	390
1	408
1	415
1	438
2	15
2	20
2	47
2	73
2	96
2	116
2	144
2	171
2	187
2	200
2	252
2	262
2	289
2	346
2	351
2	357
2	363
2	372
2	409
2	412
2	434
2	451
3	16
3	21
3	39
3	72
3	78
3	102
3	105
3	139
3	144
3	160
3	194
3	199
3	216
3	224
3	253
3	258
3	294
3	306
3	332
3	340
3	347
3	355
3	356
3	395
3	401
3	427
3	432
4	50
4	52
4	60
4	72
4	105
4	122
4	129
4	133
4	135
4	138
4	173
4	182
4	187
4	262
4	279
4	310
4	322
4	326
4	335
4	336
4	374
4	376
4	412
4	425
4	435
5	15
5	24
5	40
5	61
5	68
5	103
5	117
5	138
5	145
5	157
5	165
5	202
5	208
5	219
5	225
5	236
5	260
5	276
5	285
5	288
5	335
5	365
5	420
5	428
5	460
6	21
6	44
6	113
6	168
6	176
6	178
6	225
6	239
6	246
6	273
6	280
6	286
6	296
6	304
6	311
6	314
6	315
6	321
6	343
6	408
6	443
7	40
7	76
7	101
7	123
7	146
7	193
7	194
7	231
7	237
7	242
7	254
7	284
7	296
7	309
7	321
7	337
7	340
7	364
7	391
7	412
7	434
8	38
8	136
8	220
8	222
8	225
8	236
8	301
8	325
8	332
8	351
8	363
8	367
8	404
8	437
8	460
9	33
9	43
9	131
9	142
9	152
9	215
9	237
9	278
9	279
9	319
9	349
9	357
9	377
9	422
9	440
9	458
10	19
10	44
10	94
10	147
10	149
10	157
10	169
10	178
10	184
10	199
10	228
10	275
10	276
10	300
10	314
10	323
10	325
10	331
10	339
10	394
10	402
10	409
11	50
11	68
11	100
11	120
11	171
11	178
11	194
11	214
11	224
11	227
11	232
11	248
11	249
11	259
11	266
11	267
11	282
11	283
11	324
11	332
11	347
11	361
11	373
11	399
11	412
11	419
11	425
11	429
11	432
11	454
12	20
12	28
12	47
12	83
12	91
12	119
12	143
12	204
12	320
12	329
12	408
12	435
12	463
13	83
13	116
13	150
13	169
13	178
13	186
13	196
13	219
13	228
13	236
13	239
13	246
13	261
13	264
13	315
13	316
13	318
13	343
13	346
13	363
13	447
13	456
13	458
14	32
14	37
14	47
14	55
14	65
14	100
14	103
14	184
14	191
14	219
14	260
14	273
14	311
14	343
14	347
14	365
14	409
14	418
15	19
15	26
15	30
15	61
15	63
15	99
15	112
15	139
15	213
15	264
15	278
15	313
15	319
15	328
15	346
15	369
15	373
15	381
15	399
15	406
15	411
15	446
16	37
16	45
16	54
16	183
16	195
16	197
16	202
16	208
16	212
16	219
16	227
16	239
16	247
16	273
16	290
16	330
16	399
16	405
16	421
16	427
16	456
16	464
17	75
17	86
17	90
17	104
17	140
17	143
17	172
17	176
17	186
17	187
17	190
17	221
17	222
17	240
17	267
17	316
17	412
17	452
18	87
18	89
18	141
18	223
18	313
18	318
18	415
18	463
19	34
19	37
19	121
19	127
19	138
19	226
19	270
19	310
19	322
19	343
19	366
19	367
19	405
19	462
20	37
20	47
20	107
20	121
20	154
20	266
20	271
20	278
20	314
20	315
20	362
20	404
20	415
21	22
21	35
21	40
21	46
21	90
21	101
21	145
21	210
21	229
21	259
21	274
21	279
21	283
21	289
21	309
21	312
21	356
21	368
21	399
21	403
21	410
22	40
22	136
22	219
22	227
22	242
22	267
22	279
22	301
22	368
22	439
22	463
22	464
23	37
23	39
23	46
23	48
23	68
23	97
23	164
23	170
23	199
23	211
23	221
23	232
23	311
23	345
23	368
23	375
23	387
23	407
23	427
23	429
24	65
24	106
24	113
24	118
24	128
24	138
24	179
24	184
24	264
24	266
24	274
24	316
24	326
24	330
24	337
24	347
24	387
24	420
24	425
24	462
25	32
25	44
25	49
25	73
25	77
25	97
25	113
25	207
25	236
25	240
25	242
25	269
25	283
25	295
25	296
25	316
25	444
25	455
26	48
26	78
26	110
26	126
26	145
26	147
26	159
26	180
26	187
26	197
26	223
26	231
26	234
26	239
26	241
26	255
26	280
26	305
26	362
26	372
26	380
26	394
26	395
26	397
26	433
26	445
27	41
27	90
27	112
27	158
27	164
27	195
27	230
27	279
27	286
27	288
27	332
27	351
27	358
27	393
27	426
27	430
27	447
27	457
28	29
28	89
28	92
28	123
28	140
28	149
28	173
28	195
28	198
28	230
28	305
28	319
28	346
28	379
28	396
28	417
28	452
29	39
29	63
29	72
29	115
29	128
29	143
29	171
29	194
29	198
29	216
29	244
29	258
29	261
29	263
29	270
29	271
29	310
29	358
29	438
30	32
30	125
30	144
30	166
30	172
30	209
30	214
30	216
30	233
30	245
30	291
30	295
30	307
30	310
30	317
30	319
30	321
30	357
30	360
30	361
30	372
30	374
30	380
30	399
30	411
30	416
30	421
30	425
30	434
30	439
30	442
30	462
31	71
31	81
31	119
31	129
31	151
31	157
31	169
31	175
31	191
31	218
31	259
31	289
31	348
31	361
31	372
31	400
32	73
32	76
32	78
32	87
32	130
32	132
32	134
32	141
32	177
32	216
32	254
32	269
32	283
32	296
32	325
32	346
32	353
32	355
32	369
32	379
32	383
32	414
32	424
32	430
32	445
33	39
33	48
33	71
33	72
33	92
33	108
33	113
33	131
33	159
33	171
33	199
33	216
33	228
33	252
33	328
33	338
33	357
33	362
33	371
33	456
33	457
33	464
34	36
34	42
34	62
34	67
34	71
34	84
34	104
34	159
34	167
34	240
34	262
34	264
34	289
34	294
34	296
34	298
34	299
34	303
34	307
34	354
34	355
34	364
34	387
34	394
34	397
34	416
34	433
35	43
35	55
35	127
35	134
35	139
35	150
35	161
35	192
35	281
35	378
35	381
35	389
35	393
35	402
35	433
35	436
35	441
36	42
36	70
36	74
36	87
36	93
36	132
36	154
36	163
36	173
36	198
36	209
36	252
36	256
36	262
36	271
36	282
36	287
36	289
36	329
36	384
36	391
36	425
36	430
36	438
37	63
37	64
37	68
37	139
37	160
37	168
37	177
37	231
37	233
37	270
37	295
37	338
37	350
37	411
37	430
37	431
37	432
38	75
38	204
38	212
38	284
38	298
38	300
38	321
38	330
38	339
38	340
38	379
38	400
38	415
38	422
38	439
39	70
39	80
39	98
39	154
39	163
39	225
39	249
39	302
39	320
39	325
39	351
39	357
39	358
39	433
39	435
39	438
39	451
40	73
40	84
40	139
40	143
40	164
40	173
40	192
40	195
40	258
40	280
40	302
40	329
40	341
40	360
40	367
40	394
40	439
41	126
41	175
41	181
41	231
41	263
41	278
41	288
41	297
41	304
41	314
41	332
41	379
41	390
41	416
41	428
41	453
42	47
42	49
42	63
42	115
42	159
42	180
42	202
42	206
42	219
42	232
42	234
42	251
42	267
42	278
42	284
42	291
42	292
42	358
42	361
42	401
42	406
42	426
42	440
42	453
42	458
42	463
43	50
43	66
43	67
43	97
43	103
43	116
43	148
43	186
43	187
43	195
43	217
43	243
43	278
43	284
43	322
43	366
43	390
43	395
43	407
43	409
44	48
44	49
44	131
44	163
44	180
44	186
44	187
44	232
44	276
44	280
44	284
44	329
44	387
44	396
44	400
44	427
44	451
44	460
45	62
45	100
45	139
45	154
45	158
45	161
45	164
45	165
45	167
45	177
45	180
45	201
45	204
45	238
45	244
45	287
45	300
45	329
45	355
45	364
45	372
45	391
45	408
46	79
46	133
46	145
46	177
46	188
46	194
46	211
46	261
46	301
46	349
46	360
46	388
46	420
47	74
47	83
47	112
47	114
47	177
47	221
47	228
47	229
47	251
47	261
47	280
47	314
47	318
47	332
47	354
47	370
47	390
47	411
47	448
48	95
48	127
48	139
48	143
48	191
48	195
48	236
48	255
48	305
48	318
48	331
48	333
48	362
48	365
48	368
48	371
48	384
48	393
48	405
48	429
49	64
49	94
49	141
49	158
49	169
49	181
49	202
49	215
49	285
49	294
49	336
49	369
49	395
49	412
49	453
49	456
50	84
50	109
50	113
50	120
50	129
50	153
50	160
50	168
50	179
50	184
50	185
50	196
50	197
50	210
50	254
50	270
50	335
50	404
50	438
51	58
51	64
51	70
51	83
51	96
51	99
51	108
51	110
51	119
51	143
51	161
51	231
51	277
51	293
51	298
51	320
51	347
51	348
51	362
51	405
51	414
51	434
52	58
52	87
52	95
52	100
52	127
52	132
52	174
52	180
52	201
52	216
52	225
52	239
52	251
52	287
52	366
52	372
52	396
52	427
53	60
53	77
53	80
53	122
53	180
53	184
53	206
53	207
53	225
53	236
53	268
53	306
53	331
53	360
53	400
53	444
53	445
53	447
54	58
54	73
54	83
54	98
54	99
54	120
54	137
54	248
54	271
54	294
54	296
54	304
54	311
54	359
54	366
54	399
54	440
55	64
55	93
55	95
55	97
55	129
55	164
55	176
55	197
55	215
55	232
55	238
55	426
55	434
55	442
55	463
56	80
56	134
56	157
56	176
56	181
56	279
56	287
56	332
56	339
56	352
56	425
56	430
56	452
57	68
57	90
57	112
57	251
57	290
57	291
57	350
57	371
57	391
57	399
57	434
57	440
57	443
57	445
57	450
57	458
58	89
58	110
58	119
58	138
58	140
58	164
58	183
58	184
58	189
58	193
58	250
58	306
58	309
58	317
58	330
58	332
58	339
58	342
58	360
58	370
58	375
58	378
58	420
59	63
59	86
59	102
59	103
59	122
59	166
59	236
59	269
59	274
59	387
59	409
59	420
59	425
59	442
59	457
59	461
60	115
60	126
60	129
60	148
60	157
60	184
60	244
60	260
60	273
60	315
60	332
60	337
60	351
60	363
60	377
60	399
60	444
61	69
61	118
61	122
61	139
61	227
61	258
61	268
61	269
61	272
61	275
61	282
61	284
61	324
61	373
61	406
61	435
61	444
62	80
62	85
62	93
62	118
62	123
62	138
62	168
62	172
62	174
62	181
62	190
62	192
62	204
62	205
62	214
62	238
62	275
62	287
62	308
62	314
62	384
62	412
62	423
62	434
62	455
63	88
63	93
63	112
63	156
63	165
63	168
63	190
63	202
63	218
63	223
63	229
63	239
63	240
63	276
63	282
63	318
63	405
63	422
63	447
64	83
64	101
64	124
64	187
64	250
64	257
64	267
64	324
64	325
64	345
64	351
64	453
65	72
65	86
65	120
65	132
65	139
65	157
65	166
65	182
65	187
65	205
65	215
65	223
65	227
65	248
65	264
65	300
65	311
65	327
65	330
65	396
65	404
65	422
65	431
66	82
66	90
66	143
66	208
66	213
66	238
66	240
66	254
66	291
66	306
66	313
66	348
66	351
66	361
66	365
66	383
66	384
66	392
66	423
66	439
67	74
67	127
67	154
67	226
67	247
67	249
67	275
67	286
67	335
67	336
67	375
67	439
67	450
67	460
67	462
68	78
68	82
68	85
68	89
68	96
68	121
68	222
68	223
68	238
68	279
68	282
68	289
68	316
68	373
68	384
68	391
68	404
69	84
69	117
69	129
69	160
69	182
69	184
69	188
69	236
69	239
69	240
69	270
69	310
69	347
69	366
69	373
69	403
69	420
69	445
69	450
70	101
70	147
70	205
70	215
70	265
70	268
70	307
70	315
70	357
70	368
70	442
70	458
71	73
71	75
71	81
71	87
71	188
71	224
71	235
71	251
71	259
71	268
71	293
71	326
71	356
71	378
71	398
71	411
71	455
71	457
71	458
72	81
72	91
72	125
72	161
72	188
72	204
72	232
72	256
72	263
72	304
72	333
72	340
72	343
72	403
72	430
73	94
73	150
73	157
73	171
73	203
73	224
73	275
73	292
73	297
73	310
73	321
73	322
73	333
73	334
73	337
73	341
73	361
73	415
73	418
74	88
74	100
74	109
74	141
74	153
74	173
74	198
74	205
74	208
74	209
74	257
74	269
74	296
74	316
74	362
74	382
74	429
74	443
74	444
75	96
75	126
75	128
75	166
75	180
75	184
75	200
75	237
75	249
75	253
75	265
75	271
75	323
75	330
75	338
75	445
75	452
76	125
76	144
76	177
76	209
76	237
76	259
76	291
76	299
76	353
76	372
76	410
76	420
76	445
76	452
76	457
76	461
77	104
77	124
77	129
77	188
77	201
77	208
77	281
77	290
77	300
77	321
77	326
77	377
77	397
77	406
77	426
78	104
78	258
78	270
78	369
78	378
78	421
78	431
78	443
78	461
79	105
79	111
79	114
79	119
79	130
79	150
79	161
79	163
79	232
79	252
79	267
79	268
79	295
79	326
79	345
79	346
79	353
79	368
79	378
79	390
79	398
79	405
79	436
79	437
79	439
79	456
80	86
80	88
80	90
80	97
80	113
80	130
80	132
80	148
80	179
80	210
80	228
80	276
80	288
80	299
80	305
80	320
80	324
80	385
80	413
80	432
81	107
81	121
81	139
81	166
81	174
81	178
81	183
81	189
81	195
81	212
81	296
81	344
81	446
82	90
82	91
82	142
82	143
82	147
82	181
82	195
82	204
82	230
82	243
82	248
82	339
82	373
82	397
82	398
82	414
82	419
82	452
83	95
83	102
83	103
83	104
83	165
83	230
83	234
83	263
83	271
83	283
83	292
83	310
83	373
83	381
83	401
83	421
83	436
83	437
83	458
84	101
84	148
84	165
84	178
84	217
84	229
84	236
84	245
84	254
84	268
84	297
84	349
84	359
84	367
84	402
84	423
84	449
84	463
85	116
85	158
85	198
85	205
85	236
85	258
85	261
85	277
85	286
85	312
85	321
85	371
85	372
85	387
85	443
86	129
86	141
86	158
86	177
86	211
86	258
86	272
86	291
86	305
86	318
86	346
86	356
86	358
86	361
86	366
86	370
86	410
87	98
87	222
87	249
87	261
87	264
87	303
87	326
88	117
88	125
88	132
88	142
88	153
88	154
88	169
88	189
88	243
88	251
88	282
88	311
88	313
88	330
88	370
88	371
88	374
88	384
88	388
88	391
88	402
88	434
89	102
89	125
89	152
89	159
89	170
89	200
89	209
89	212
89	215
89	277
89	284
89	297
89	304
89	346
89	348
89	366
89	426
89	430
89	437
89	454
90	101
90	112
90	122
90	184
90	206
90	241
90	304
90	314
90	349
90	366
90	376
90	379
90	388
90	417
90	458
91	100
91	141
91	163
91	169
91	178
91	180
91	189
91	220
91	248
91	278
91	285
91	312
91	316
91	319
91	392
91	417
92	131
92	169
92	231
92	278
92	291
92	316
92	359
92	362
92	384
92	393
93	99
93	103
93	133
93	146
93	177
93	215
93	217
93	260
93	271
93	285
93	300
93	344
93	349
93	391
93	392
93	397
93	423
93	428
93	436
94	96
94	113
94	120
94	123
94	195
94	199
94	220
94	254
94	281
94	282
94	321
94	342
94	369
94	373
94	408
94	412
94	414
94	442
95	103
95	171
95	183
95	254
95	262
95	280
95	311
95	316
96	97
96	99
96	116
96	131
96	143
96	149
96	184
96	204
96	225
96	228
96	247
96	260
96	284
96	304
96	326
96	361
96	379
96	413
96	428
97	112
97	139
97	145
97	163
97	176
97	181
97	194
97	226
97	241
97	255
97	286
97	298
97	306
97	311
97	329
97	335
97	347
97	350
97	407
97	432
97	462
97	463
98	100
98	116
98	136
98	141
98	168
98	204
98	205
98	229
98	260
98	302
98	326
98	350
98	356
98	363
98	389
98	399
98	428
98	453
98	463
99	111
99	118
99	137
99	139
99	174
99	220
99	230
99	237
99	259
99	317
99	334
99	432
100	150
100	173
100	200
100	209
100	226
100	267
100	335
100	351
100	361
100	379
100	391
100	398
100	408
100	417
100	455
101	123
101	135
101	139
101	144
101	190
101	275
101	289
101	303
101	305
101	338
101	371
101	382
101	390
101	391
101	398
102	130
102	165
102	166
102	181
102	201
102	226
102	227
102	229
102	292
102	304
102	317
102	333
102	379
102	384
102	393
102	400
102	440
103	136
103	139
103	252
103	263
103	280
103	281
103	341
103	368
103	410
103	436
103	444
103	456
104	137
104	149
104	175
104	194
104	196
104	197
104	214
104	226
104	243
104	246
104	251
104	344
104	351
104	359
104	378
104	404
104	432
104	436
104	437
104	454
104	455
104	463
105	132
105	155
105	169
105	201
105	209
105	210
105	247
105	260
105	292
105	299
105	337
105	339
105	350
105	388
105	394
105	405
105	408
105	426
105	448
106	121
106	123
106	127
106	130
106	168
106	190
106	194
106	233
106	289
106	290
106	293
106	323
106	330
106	372
106	402
106	440
107	129
107	133
107	164
107	203
107	216
107	227
107	234
107	260
107	288
107	308
107	334
107	339
107	361
107	388
107	394
107	458
108	130
108	138
108	159
108	179
108	220
108	221
108	244
108	258
108	291
108	299
108	316
108	353
108	364
108	377
108	425
108	431
108	448
108	454
108	459
109	121
109	132
109	140
109	153
109	170
109	194
109	203
109	207
109	209
109	251
109	293
109	313
109	361
109	416
109	420
109	422
110	159
110	223
110	230
110	298
110	308
110	374
110	387
110	411
111	113
111	121
111	128
111	131
111	194
111	237
111	290
111	299
111	307
111	309
111	313
111	334
111	336
111	360
111	398
111	415
111	433
112	120
112	126
112	129
112	141
112	149
112	169
112	223
112	263
112	265
112	277
112	282
112	304
112	340
112	349
112	360
112	369
112	413
112	435
112	447
112	459
113	146
113	159
113	167
113	186
113	188
113	206
113	238
113	280
113	341
113	390
113	438
114	157
114	176
114	197
114	241
114	249
114	276
114	301
114	401
114	423
115	119
115	126
115	141
115	170
115	179
115	228
115	322
115	405
116	123
116	173
116	174
116	182
116	185
116	212
116	221
116	240
116	245
116	304
116	307
116	309
116	313
116	327
116	341
116	376
116	395
116	411
116	412
116	427
116	459
116	463
117	119
117	133
117	159
117	233
117	265
117	290
117	306
117	399
117	409
117	431
117	436
117	448
117	452
118	124
118	133
118	135
118	222
118	250
118	253
118	292
118	301
118	302
118	327
118	332
118	338
118	379
118	382
118	402
118	425
118	457
118	461
119	125
119	127
119	166
119	234
119	269
119	394
119	399
119	406
119	427
119	430
119	439
120	211
120	243
120	257
120	288
120	292
120	296
120	334
120	344
120	414
120	425
120	436
120	451
121	124
121	144
121	177
121	189
121	238
121	257
121	266
121	273
121	290
121	309
121	313
121	334
121	341
121	367
121	395
121	425
121	438
122	128
122	143
122	158
122	160
122	163
122	195
122	212
122	247
122	252
122	254
122	301
122	305
122	320
122	358
122	364
122	376
122	439
123	196
123	232
123	254
123	268
123	273
123	288
123	348
123	382
123	383
123	420
123	425
123	432
123	457
124	154
124	196
124	207
124	209
124	224
124	246
124	269
124	322
124	351
124	391
124	393
124	400
124	405
124	409
124	418
124	422
125	163
125	173
125	230
125	256
125	272
125	298
125	352
125	383
126	157
126	251
126	255
126	272
126	278
126	280
126	292
126	300
126	313
126	314
126	339
126	360
126	383
126	427
126	429
126	452
127	131
127	201
127	253
127	282
127	305
127	309
127	321
127	373
127	414
127	438
127	439
127	450
128	151
128	158
128	161
128	194
128	212
128	230
128	261
128	285
128	290
128	311
128	360
128	394
128	398
128	448
129	168
129	182
129	187
129	208
129	215
129	242
129	257
129	279
129	317
129	339
129	388
129	389
129	399
129	419
130	132
130	167
130	190
130	213
130	238
130	256
130	267
130	314
130	318
130	376
130	394
131	169
131	170
131	207
131	236
131	287
131	298
131	330
131	332
131	386
131	403
131	425
131	436
131	463
132	135
132	143
132	177
132	337
132	350
132	360
132	364
132	389
132	391
132	401
132	447
133	224
133	238
133	298
133	311
133	346
133	350
133	351
133	352
133	360
133	390
133	406
133	423
133	425
133	447
134	155
134	165
134	238
134	259
134	293
134	310
134	329
134	333
134	338
134	354
134	358
134	360
134	379
134	461
135	173
135	219
135	248
135	295
135	299
135	364
135	391
135	416
135	419
135	436
136	154
136	159
136	162
136	180
136	181
136	188
136	198
136	206
136	248
136	264
136	282
136	319
136	325
136	351
136	355
136	362
136	379
136	388
136	392
136	399
136	407
136	410
136	442
137	167
137	190
137	216
137	224
137	271
137	272
137	278
137	280
137	291
137	309
137	311
137	317
137	323
137	370
137	382
137	446
137	461
138	180
138	219
138	263
138	291
138	315
138	345
138	358
138	371
138	434
138	447
138	455
139	165
139	192
139	199
139	259
139	264
139	268
139	313
139	405
139	436
139	441
140	159
140	164
140	186
140	191
140	237
140	262
140	291
140	382
140	412
140	427
140	442
141	226
141	240
141	283
141	284
141	288
141	306
141	311
141	318
141	320
141	323
141	347
141	357
141	410
141	437
142	169
142	170
142	205
142	262
142	265
142	272
142	274
142	285
142	340
142	371
142	375
142	409
142	413
142	452
142	461
143	159
143	184
143	210
143	223
143	228
143	242
143	299
143	300
143	349
143	360
143	380
143	390
143	412
143	437
143	460
144	165
144	256
144	349
144	368
144	369
144	383
144	385
144	404
144	440
144	442
144	457
145	148
145	172
145	184
145	209
145	210
145	211
145	233
145	246
145	255
145	267
145	274
145	276
145	299
145	305
145	306
145	307
145	364
145	375
145	401
145	411
145	419
145	443
145	448
145	456
146	150
146	152
146	165
146	176
146	182
146	196
146	210
146	225
146	253
146	310
146	311
146	318
146	374
146	386
146	392
146	399
146	412
146	417
146	429
146	431
146	437
146	443
146	454
147	208
147	280
147	321
147	323
147	404
147	420
148	210
148	233
148	251
148	252
148	258
148	269
148	291
148	305
148	326
148	331
148	341
148	353
148	365
148	373
148	453
148	462
149	161
149	165
149	206
149	210
149	216
149	221
149	266
149	292
149	293
149	332
149	333
149	346
149	354
149	366
149	388
149	408
150	261
150	294
150	295
150	310
150	311
150	312
150	317
150	345
150	348
150	357
150	374
150	386
150	390
150	402
151	187
151	223
151	304
151	306
151	307
151	317
151	341
151	354
151	438
152	159
152	167
152	180
152	193
152	262
152	263
152	298
152	323
152	356
152	392
152	420
152	441
153	162
153	163
153	197
153	218
153	239
153	258
153	326
153	336
153	389
153	394
153	440
153	451
154	194
154	214
154	220
154	251
154	295
154	319
154	362
154	376
154	396
154	397
154	429
154	461
155	174
155	205
155	215
155	311
155	337
155	369
155	396
156	164
156	189
156	268
156	343
156	368
156	401
156	456
157	158
157	165
157	231
157	239
157	333
157	335
157	386
157	431
157	458
158	204
158	224
158	312
158	364
158	371
158	386
158	420
158	429
158	452
159	182
159	187
159	188
159	197
159	225
159	284
159	302
159	304
159	308
159	309
159	330
159	396
159	399
160	207
160	233
160	253
160	286
160	289
160	307
160	337
160	338
160	357
160	403
160	417
160	426
161	181
161	205
161	242
161	245
161	252
161	257
161	262
161	318
161	407
161	428
161	439
162	166
162	174
162	175
162	223
162	224
162	280
162	301
162	375
162	400
162	408
162	419
162	427
162	437
162	439
163	178
163	189
163	196
163	238
163	248
163	267
163	280
163	298
163	343
163	382
163	388
163	389
163	418
163	419
163	440
164	180
164	210
164	254
164	270
164	288
164	314
164	324
164	389
164	391
164	394
164	396
164	400
164	405
164	418
164	447
164	461
164	464
165	184
165	207
165	212
165	232
165	294
165	312
165	326
165	439
165	444
165	455
165	463
166	201
166	259
166	260
166	273
166	301
166	327
166	357
166	365
166	412
166	443
166	464
167	190
167	194
167	195
167	222
167	224
167	239
167	257
167	263
167	264
167	275
167	334
167	337
167	356
167	378
167	412
167	432
168	192
168	225
168	246
168	291
168	298
168	323
168	344
168	357
168	363
168	377
168	408
168	437
169	264
169	287
169	303
169	376
169	377
169	384
169	391
169	403
169	426
169	453
170	183
170	219
170	244
170	263
170	268
170	308
170	326
170	328
170	339
170	404
170	429
170	449
171	198
171	214
171	279
171	303
171	344
171	362
171	389
171	424
171	434
171	447
172	199
172	251
172	349
172	366
172	370
172	375
172	380
172	386
172	447
173	230
173	279
173	289
173	310
173	341
173	345
173	361
173	383
173	399
174	214
174	271
174	277
174	284
174	289
174	298
174	307
174	313
174	314
174	324
174	332
174	404
174	407
174	432
175	200
175	206
175	214
175	241
175	279
175	295
175	306
175	315
175	338
175	339
175	354
175	422
175	433
175	460
176	178
176	193
176	229
176	255
176	281
176	353
176	394
176	403
176	404
176	415
176	422
176	431
177	202
177	213
177	214
177	228
177	231
177	244
177	263
177	270
177	271
177	293
177	299
177	315
177	353
177	361
177	391
177	405
178	202
178	203
178	220
178	279
178	295
178	390
178	396
178	399
178	404
178	416
178	417
178	419
179	204
179	229
179	268
179	284
179	310
179	320
179	325
179	369
179	371
179	381
179	414
179	463
180	246
180	266
180	325
180	352
180	382
180	396
181	254
181	255
181	320
181	349
181	363
181	369
181	390
182	194
182	199
182	283
182	288
182	402
182	414
182	432
183	222
183	247
183	271
183	313
183	330
183	363
183	374
183	439
183	445
183	458
184	189
184	236
184	252
184	256
184	267
184	284
184	294
184	295
184	347
184	361
184	393
184	400
184	403
184	412
184	425
184	426
184	448
184	451
185	216
185	274
185	379
185	380
185	384
185	444
186	207
186	211
186	252
186	366
186	374
186	386
186	400
186	403
186	423
186	433
186	439
186	451
187	188
187	225
187	238
187	249
187	269
187	306
187	349
187	355
187	380
187	396
187	409
187	454
188	203
188	245
188	294
188	347
188	376
188	445
189	201
189	239
189	243
189	246
189	284
189	285
189	300
189	340
189	390
189	392
189	436
190	222
190	231
190	260
190	263
190	298
190	299
190	312
190	344
190	368
190	369
190	384
190	388
190	409
190	461
191	210
191	220
191	247
191	270
191	288
191	292
191	296
191	323
191	330
191	337
191	349
191	353
191	381
191	386
191	437
191	441
191	459
192	200
192	232
192	237
192	281
192	297
192	320
192	342
192	355
192	361
192	380
192	411
192	418
192	423
192	442
192	460
193	201
193	254
193	256
193	260
193	270
193	327
193	451
193	462
194	195
194	237
194	238
194	245
194	251
194	299
194	308
194	311
194	366
194	367
194	392
194	401
194	413
194	424
194	425
194	456
195	309
195	317
195	328
195	331
195	388
195	417
195	436
195	445
195	446
196	200
196	231
196	239
196	273
196	298
196	307
196	309
196	313
196	395
196	400
196	458
196	461
197	250
197	280
197	282
197	287
197	333
197	335
197	370
197	377
197	422
197	427
197	439
198	211
198	223
198	239
198	242
198	279
198	384
198	423
198	428
198	447
198	450
199	250
199	268
199	274
199	294
199	315
199	324
199	364
200	230
200	258
200	263
200	290
200	297
200	302
200	335
200	393
200	462
201	228
201	244
201	273
201	309
201	321
201	341
201	348
201	357
201	394
201	417
201	440
202	225
202	246
202	287
202	288
202	350
202	423
202	437
202	441
202	447
202	457
203	217
203	246
203	255
203	261
203	308
203	323
203	326
203	381
204	221
204	237
204	247
204	256
204	271
204	291
204	306
204	318
204	351
204	353
204	379
204	385
204	404
204	412
204	419
204	428
204	449
205	213
205	249
205	256
205	263
205	269
205	317
205	347
205	358
205	364
205	386
205	420
205	428
205	440
205	448
205	453
206	219
206	224
206	291
206	292
206	357
206	404
206	421
206	431
207	215
207	285
207	286
207	304
207	341
207	371
207	384
207	392
207	402
207	410
207	433
208	230
208	292
208	311
208	320
208	374
208	385
208	398
208	420
208	421
208	422
208	453
209	242
209	248
209	261
209	264
209	324
209	331
209	353
209	366
209	373
209	381
209	386
209	388
209	410
209	412
209	415
209	422
209	438
209	440
209	444
209	446
209	456
210	227
210	233
210	244
210	294
210	313
210	351
210	379
210	382
210	394
210	402
210	408
210	411
210	441
210	444
210	455
210	458
211	226
211	241
211	275
211	299
211	319
211	323
211	329
211	330
211	346
211	426
211	452
212	220
212	232
212	249
212	295
212	333
212	370
212	385
212	440
213	233
213	243
213	251
213	255
213	257
213	289
213	385
213	398
213	422
213	424
213	439
214	229
214	231
214	267
214	300
214	315
214	317
214	338
214	349
214	379
214	382
214	411
214	426
214	451
214	457
215	231
215	241
215	264
215	272
215	301
215	310
215	335
215	336
215	350
215	365
215	389
215	403
215	437
215	451
216	220
216	274
216	285
216	295
216	361
216	374
216	382
216	427
217	220
217	224
217	274
217	281
217	291
217	297
217	305
217	339
217	375
217	411
217	415
217	424
217	443
218	238
218	243
218	249
218	258
218	271
218	280
218	320
218	321
218	326
218	362
218	412
218	413
218	426
219	220
219	254
219	255
219	274
219	306
219	313
219	323
219	342
219	347
219	411
219	415
219	441
220	227
220	259
220	271
220	300
220	322
220	340
220	349
220	406
220	432
220	436
220	444
220	448
221	229
221	236
221	245
221	258
221	296
221	298
221	337
221	377
221	387
221	402
222	229
222	323
222	345
222	364
222	382
222	407
222	432
222	451
223	251
223	253
223	266
223	278
223	314
223	319
223	320
223	326
223	343
223	360
223	405
223	409
223	427
223	433
223	440
224	247
224	248
224	293
224	306
224	309
224	337
224	376
224	380
224	388
224	404
224	406
224	417
224	432
224	439
225	240
225	247
225	253
225	299
225	318
225	367
225	378
225	384
225	386
225	400
225	416
225	448
226	233
226	309
226	311
226	322
226	349
226	367
226	413
226	433
227	236
227	343
227	349
227	404
227	415
227	418
227	423
227	429
227	450
228	232
228	248
228	285
228	305
228	316
228	347
228	350
228	354
228	408
228	410
228	417
228	454
229	279
229	296
229	327
229	337
229	338
229	384
229	392
229	435
229	453
230	283
230	285
230	290
230	343
230	423
231	257
231	287
231	320
231	352
231	383
231	388
231	389
231	398
231	421
231	439
231	462
232	281
232	290
232	294
232	301
232	310
232	325
232	366
232	396
232	403
232	407
232	428
232	441
232	454
232	461
233	270
233	273
233	304
233	319
233	336
233	351
233	363
233	364
233	410
233	419
233	436
233	437
233	446
233	457
234	263
234	275
234	292
234	311
234	312
234	314
234	350
234	363
234	380
234	392
234	399
234	404
234	422
234	426
234	454
234	459
235	256
235	305
235	314
235	315
235	327
235	358
235	360
235	452
235	457
236	261
236	277
236	278
236	341
236	353
237	253
237	311
237	339
237	401
237	403
237	407
237	409
237	425
237	427
237	434
238	316
238	326
238	402
238	403
238	411
238	442
239	290
239	323
239	345
239	377
239	420
239	428
239	448
239	455
240	243
240	246
240	323
240	342
240	351
240	359
240	377
240	399
240	411
240	443
240	454
241	256
241	258
241	334
241	339
241	366
241	378
241	419
241	421
241	451
241	452
241	457
242	262
242	266
242	272
242	278
242	326
242	358
242	363
242	371
242	387
242	427
242	432
242	443
242	460
243	259
243	285
243	287
243	291
243	301
243	441
243	446
243	449
243	452
244	348
244	393
244	430
245	254
245	352
245	359
245	378
245	388
245	395
245	438
245	462
246	260
246	264
246	290
246	342
246	358
246	375
246	392
246	458
247	265
247	281
247	308
247	325
247	333
247	407
247	412
247	446
247	450
247	460
248	250
248	253
248	273
248	277
248	281
248	295
248	347
248	353
248	356
248	391
248	392
248	393
248	397
248	430
249	252
249	266
249	316
249	336
249	374
249	387
249	431
249	436
249	442
250	291
250	302
250	309
250	320
250	328
250	366
250	369
250	372
250	374
250	384
251	335
251	352
251	358
251	457
251	461
252	275
252	320
252	336
252	337
252	380
252	426
252	432
252	451
253	287
253	319
253	330
253	341
253	354
253	372
253	397
253	409
253	421
253	426
253	451
253	455
253	464
254	292
254	293
254	328
254	397
254	457
255	257
255	262
255	276
255	278
255	360
255	382
255	401
255	408
255	414
255	425
256	274
256	279
256	286
256	337
256	361
256	422
256	453
256	459
257	311
257	313
257	352
257	451
257	457
258	260
258	322
258	346
258	354
258	437
259	262
259	278
259	286
259	329
259	372
259	381
259	384
260	274
260	285
260	296
260	334
260	405
261	275
261	288
261	309
261	319
261	321
261	373
261	394
261	416
261	446
261	455
261	457
262	263
262	299
262	359
262	362
262	383
262	392
262	394
262	406
262	434
263	274
263	289
263	290
263	346
263	390
263	402
263	417
263	424
263	434
264	315
264	336
264	407
265	309
265	320
265	329
265	404
265	411
265	421
265	441
265	456
266	311
266	332
266	344
266	354
266	366
266	420
266	421
266	422
266	431
267	279
267	283
267	284
267	285
267	296
267	304
267	310
267	315
267	324
267	329
267	333
267	367
267	386
267	392
267	419
267	434
267	440
267	452
268	336
268	380
268	387
268	404
268	428
269	283
269	317
269	333
269	356
269	413
270	283
270	290
270	312
270	354
270	356
270	437
270	445
271	272
271	282
271	307
271	338
271	368
271	390
271	445
271	454
272	280
272	306
272	324
272	327
272	364
272	378
272	380
272	406
272	408
272	441
272	454
273	319
273	377
273	389
273	413
273	414
273	422
274	275
274	293
274	339
274	358
274	394
274	462
275	300
275	354
275	382
275	455
275	459
276	291
276	301
276	338
276	360
276	377
276	381
276	383
276	395
276	411
276	429
276	454
277	280
277	288
277	300
277	302
277	348
277	373
277	414
277	435
277	464
278	305
278	332
278	362
278	368
278	399
278	401
278	453
278	461
279	287
279	296
279	304
279	306
279	307
279	324
279	342
279	359
279	369
279	387
279	388
279	399
279	405
279	437
280	290
280	310
280	374
280	410
280	417
280	436
280	457
281	282
281	292
281	317
281	360
281	363
281	389
281	394
281	400
281	412
281	420
281	451
281	457
281	459
282	291
282	297
282	299
282	318
282	321
282	361
282	386
282	395
282	404
282	415
283	314
283	337
283	394
283	448
283	463
284	306
284	313
284	318
284	345
284	362
284	367
284	370
284	383
284	392
284	431
284	446
284	448
284	455
284	459
285	288
285	291
285	310
285	364
285	366
285	396
285	423
285	424
285	430
285	461
286	287
286	294
286	332
286	343
286	349
286	361
286	418
286	422
286	456
286	464
287	312
287	337
287	352
287	357
287	360
288	303
288	308
288	327
288	334
288	355
288	357
288	359
288	386
288	428
288	430
288	460
289	291
289	294
289	296
289	313
289	371
289	378
289	393
289	412
289	430
289	444
289	461
290	305
290	323
290	345
290	361
290	364
290	373
290	414
290	439
290	448
290	458
291	309
291	370
292	302
292	322
292	336
292	346
292	347
292	370
292	385
292	386
292	397
292	444
293	338
293	352
293	373
293	409
293	451
293	461
294	337
294	346
294	399
294	424
294	429
295	326
295	332
295	351
295	363
295	370
295	424
295	441
295	449
296	385
296	402
296	403
296	405
296	439
296	457
297	312
297	318
297	356
297	375
297	428
297	431
298	328
298	332
298	344
298	402
298	405
298	411
299	317
299	328
299	391
299	405
299	443
299	461
300	312
300	347
300	350
300	382
300	419
300	428
300	451
300	454
300	455
301	309
301	311
301	376
301	385
301	398
301	442
302	307
302	322
302	366
302	368
302	426
302	429
302	446
302	455
303	392
303	408
303	413
303	421
303	444
303	463
304	305
304	315
304	346
304	378
304	396
304	399
304	418
304	422
304	439
305	307
305	320
305	327
305	365
305	370
305	385
305	417
305	437
305	443
305	452
306	329
306	345
306	348
307	350
307	378
307	433
308	309
308	312
308	323
308	361
308	371
308	372
308	396
309	338
309	361
309	408
309	430
309	432
309	433
309	434
309	448
310	330
310	354
310	362
310	376
310	392
310	394
310	403
310	408
310	412
310	446
310	448
311	324
311	328
311	409
311	441
312	316
312	318
312	395
312	410
312	423
312	437
312	457
313	360
313	364
313	405
314	330
314	357
314	385
314	410
314	422
314	461
315	331
315	337
315	364
315	377
315	383
315	386
315	403
315	408
315	425
315	439
316	320
316	329
316	338
316	348
316	349
316	353
316	372
316	390
316	400
316	401
316	422
316	432
316	454
316	460
317	331
317	341
317	353
317	358
317	377
317	422
318	344
318	390
318	451
318	463
319	333
319	352
319	368
319	384
319	441
319	449
320	334
320	366
320	385
320	390
320	393
320	449
321	339
321	388
321	407
321	411
321	420
322	324
322	376
322	418
322	428
322	452
322	464
323	329
323	332
323	366
323	370
323	375
323	403
323	404
323	405
323	406
323	443
324	343
324	389
324	404
325	336
325	349
325	362
325	375
325	385
325	418
325	464
326	328
326	331
326	357
326	366
326	405
326	422
326	447
326	456
326	463
327	337
327	400
327	411
327	447
328	379
328	401
328	409
328	418
328	421
328	423
328	428
328	443
329	333
329	359
329	361
329	366
329	378
329	389
329	392
329	407
329	418
329	441
329	447
330	346
330	458
331	343
331	361
331	384
331	438
332	342
332	344
332	358
332	385
332	430
332	448
332	452
332	464
333	361
333	436
333	459
334	352
334	369
334	380
334	384
334	439
335	347
335	374
335	383
336	360
336	383
336	386
336	392
336	414
336	450
337	338
337	417
338	347
338	351
338	356
338	419
338	451
338	457
339	353
339	363
339	429
339	430
339	443
339	444
340	350
340	367
340	387
340	417
340	418
340	430
341	344
341	390
341	393
341	420
342	367
342	398
342	400
342	424
342	427
342	435
342	447
342	454
343	373
343	391
343	393
343	420
343	430
344	355
344	372
344	387
344	422
344	448
345	346
345	370
345	391
345	446
345	447
346	348
346	349
346	368
347	416
347	421
347	422
347	433
348	366
348	371
348	373
348	401
348	412
348	424
348	450
349	392
349	405
349	420
349	428
349	433
349	441
349	444
350	355
350	380
350	392
350	429
350	430
350	444
351	411
351	448
352	370
352	383
352	397
352	407
352	420
352	433
352	464
353	415
353	428
353	430
353	447
353	462
354	372
354	401
354	409
354	442
355	412
356	374
356	380
356	410
356	428
356	443
356	448
357	369
357	372
357	379
357	443
358	376
358	420
359	361
359	364
359	390
359	396
359	438
359	457
359	461
360	370
360	371
360	416
361	368
361	380
361	410
361	414
361	424
362	373
362	409
362	412
362	415
362	435
363	420
363	446
364	382
364	386
364	420
364	458
365	404
365	432
365	438
365	449
365	451
365	458
366	407
366	441
367	422
367	452
367	453
368	452
368	456
368	463
369	376
369	392
369	419
370	400
370	428
370	439
370	453
371	373
371	389
371	433
371	455
372	385
372	392
372	404
373	392
373	433
373	460
374	426
374	429
374	435
375	396
375	411
375	426
375	447
375	454
375	460
376	379
376	391
376	452
377	411
377	436
378	406
379	410
379	415
379	421
379	423
379	449
380	391
380	405
380	436
380	443
381	446
381	457
382	408
382	424
382	428
382	439
382	442
383	406
383	453
384	390
384	423
384	437
384	439
384	456
385	407
385	411
385	446
386	390
386	397
386	401
386	413
386	418
386	424
386	440
387	429
387	430
388	399
388	412
389	395
389	403
389	440
389	448
390	408
390	433
390	461
391	418
391	431
391	445
392	397
392	405
392	438
392	453
392	458
392	459
393	403
393	407
393	453
393	463
394	424
394	432
394	436
394	449
394	456
394	461
395	447
396	401
396	419
396	438
396	464
398	418
398	431
398	435
399	417
399	456
400	435
400	460
400	464
401	406
401	419
401	449
402	408
402	446
403	420
403	437
404	440
405	426
406	446
407	414
407	417
407	423
407	431
407	451
407	453
408	413
408	430
408	437
409	421
410	449
410	450
411	436
412	441
412	464
413	418
413	454
414	419
414	442
415	427
415	445
416	434
417	422
417	445
418	421
418	424
418	427
419	429
419	443
420	442
421	424
422	454
424	432
426	437
426	450
427	444
427	453
428	436
428	460
429	432
429	464
431	442
431	448
431	454
432	437
432	453
433	439
433	442
433	448
433	452
434	446
435	447
436	440
436	441
436	449
438	451
438	453
438	464
439	452
440	456
441	456
443	458
444	463
445	453
448	454
449	461
449	462
454	458
454	463
455	463
456	457
460	463
