0001001101011110: 1 426 453 76
0001001101011110: 1 245 171 55
0001001101011110: 2 351 171 69
0001001101011110: 2 319 171 69
0001001101011110: 2 317 171 69
0001001101011110: 2 171 362 69
0001001101011110: 2 171 262 69
0001001101011110: 2 171 252 69
0001001101011110: 2 171 245 55
0001001101011110: 2 171 245 69
0001001101011110: 2 171 205 69
0001001101011110: 2 171 181 69
0001001101011110: 2 171 178 69
0001001101011110: 2 171 55 69
0001001101011110: 2 171 69 397
0001001101011110: 2 171 69 300
0001001101011110: 2 171 69 223
0001001101011110: 2 171 69 98
0001001101011110: 2 171 69 46
0001001101011110: 2 171 69 22
0001001101011110: 3 347 318 202
0001001101011110: 3 318 457 202
0001001101011110: 3 318 309 202
0001001101011110: 3 318 198 202
0001001101011110: 3 318 106 202
0001001101011110: 3 318 29 202
0001001101011110: 3 318 8 202
0001001101011110: 3 318 313 202
0001001101011110: 3 318 299 202
0001001101011110: 3 318 275 202
0001001101011110: 3 318 256 202
0001001101011110: 3 318 247 202
0001001101011110: 3 318 202 400
0001001101011110: 3 318 202 355
0001001101011110: 3 318 202 167
0001001101011110: 3 318 202 121
0001001101011110: 3 318 202 98
0001001101011110: 3 318 202 131
0001001101011110: 3 318 202 114
0001001101011110: 3 313 92 35
0001001101011110: 3 299 175 172
0001001101011110: 3 131 194 140
0001001101011110: 3 114 99 20
0001001101011110: 4 157 435 186
0001001101011110: 5 326 96 25
0001001101011110: 6 166 369 8
0001001101011110: 6 132 420 73
0001001101011110: 6 31 460 414
0001001101011110: 7 452 333 186
0001001101011110: 7 452 333 72
0001001101011110: 7 442 333 186
0001001101011110: 7 442 333 72
0001001101011110: 7 333 426 186
0001001101011110: 7 333 426 72
0001001101011110: 7 333 407 186
0001001101011110: 7 333 407 72
0001001101011110: 7 333 391 186
0001001101011110: 7 333 391 72
0001001101011110: 7 333 299 186
0001001101011110: 7 333 299 72
0001001101011110: 7 333 249 186
0001001101011110: 7 333 249 72
0001001101011110: 7 333 240 186
0001001101011110: 7 333 240 72
0001001101011110: 7 333 204 186
0001001101011110: 7 333 204 72
0001001101011110: 7 333 234 186
0001001101011110: 7 333 234 72
0001001101011110: 7 333 209 186
0001001101011110: 7 333 209 72
0001001101011110: 7 333 186 435
0001001101011110: 7 333 186 430
0001001101011110: 7 333 186 305
0001001101011110: 7 333 186 269
0001001101011110: 7 333 186 157
0001001101011110: 7 333 186 143
0001001101011110: 7 333 186 177
0001001101011110: 7 333 186 160
0001001101011110: 7 333 186 139
0001001101011110: 7 333 186 61
0001001101011110: 7 333 186 43
0001001101011110: 7 333 186 12
0001001101011110: 7 333 186 8
0001001101011110: 7 333 177 72
0001001101011110: 7 333 160 72
0001001101011110: 7 333 139 72
0001001101011110: 7 333 72 417
0001001101011110: 7 333 72 400
0001001101011110: 7 333 72 389
0001001101011110: 7 333 72 327
0001001101011110: 7 333 72 278
0001001101011110: 7 333 72 190
0001001101011110: 7 333 72 147
0001001101011110: 7 333 72 135
0001001101011110: 7 333 72 134
0001001101011110: 7 333 72 126
0001001101011110: 7 333 72 51
0001001101011110: 7 333 72 61
0001001101011110: 7 333 72 43
0001001101011110: 7 333 72 12
0001001101011110: 7 333 72 8
0001001101011110: 7 209 231 55
0001001101011110: 7 209 150 105
0001001101011110: 7 186 435 157
0001001101011110: 7 72 389 51
0001001101011110: 7 61 70 36
0001001101011110: 7 8 369 166
0001001101011110: 8 369 455 166
0001001101011110: 8 369 442 166
0001001101011110: 8 369 400 166
0001001101011110: 8 369 384 166
0001001101011110: 8 369 378 166
0001001101011110: 8 369 363 166
0001001101011110: 8 369 162 166
0001001101011110: 8 369 126 166
0001001101011110: 8 369 318 166
0001001101011110: 8 369 307 166
0001001101011110: 8 369 270 166
0001001101011110: 8 369 166 393
0001001101011110: 8 369 166 353
0001001101011110: 8 369 166 344
0001001101011110: 8 369 166 35
0001001101011110: 8 369 166 28
0001001101011110: 8 369 166 92
0001001101011110: 8 369 166 55
0001001101011110: 8 369 166 20
0001001101011110: 8 307 428 367
0001001101011110: 8 307 428 52
0001001101011110: 8 307 52 11
0001001101011110: 8 270 255 142
0001001101011110: 8 92 313 35
0001001101011110: 8 55 245 171
0001001101011110: 8 55 231 209
0001001101011110: 8 20 114 99
0001001101011110: 9 440 445 178
0001001101011110: 9 440 441 178
0001001101011110: 9 440 323 178
0001001101011110: 9 440 64 178
0001001101011110: 9 440 437 178
0001001101011110: 9 440 437 57
0001001101011110: 9 440 303 178
0001001101011110: 9 440 300 178
0001001101011110: 9 440 293 178
0001001101011110: 9 440 242 178
0001001101011110: 9 440 178 348
0001001101011110: 9 440 178 284
0001001101011110: 9 440 178 267
0001001101011110: 9 440 178 184
0001001101011110: 9 440 178 171
0001001101011110: 9 440 178 49
0001001101011110: 9 440 178 172
0001001101011110: 9 440 178 107
0001001101011110: 9 440 178 101
0001001101011110: 9 440 178 57
0001001101011110: 9 440 178 30
0001001101011110: 9 437 464 57
0001001101011110: 9 437 454 57
0001001101011110: 9 437 390 57
0001001101011110: 9 437 358 57
0001001101011110: 9 437 296 57
0001001101011110: 9 437 220 57
0001001101011110: 9 437 177 57
0001001101011110: 9 437 159 57
0001001101011110: 9 437 130 57
0001001101011110: 9 437 119 57
0001001101011110: 9 437 98 57
0001001101011110: 9 437 73 57
0001001101011110: 9 437 303 57
0001001101011110: 9 437 300 57
0001001101011110: 9 437 293 57
0001001101011110: 9 437 242 57
0001001101011110: 9 437 178 57
0001001101011110: 9 437 172 57
0001001101011110: 9 437 107 57
0001001101011110: 9 437 101 57
0001001101011110: 9 437 57 340
0001001101011110: 9 437 57 294
0001001101011110: 9 437 57 266
0001001101011110: 9 437 57 231
0001001101011110: 9 437 57 124
0001001101011110: 9 437 57 80
0001001101011110: 9 437 57 22
0001001101011110: 9 437 57 17
0001001101011110: 9 437 57 30
0001001101011110: 9 293 118 29
0001001101011110: 9 178 184 49
0001001101011110: 9 172 299 175
0001001101011110: 10 457 155 60
0001001101011110: 10 430 155 60
0001001101011110: 10 297 155 60
0001001101011110: 10 255 270 142
0001001101011110: 10 255 155 60
0001001101011110: 10 155 368 60
0001001101011110: 10 155 309 60
0001001101011110: 10 155 292 60
0001001101011110: 10 155 243 60
0001001101011110: 10 155 225 18
0001001101011110: 10 155 225 60
0001001101011110: 10 155 206 60
0001001101011110: 10 155 182 60
0001001101011110: 10 155 63 60
0001001101011110: 10 155 35 60
0001001101011110: 10 155 30 60
0001001101011110: 10 155 18 60
0001001101011110: 10 155 81 60
0001001101011110: 10 155 60 450
0001001101011110: 10 155 60 356
0001001101011110: 10 155 60 321
0001001101011110: 10 155 60 296
0001001101011110: 10 155 60 295
0001001101011110: 10 155 60 270
0001001101011110: 10 155 60 209
0001001101011110: 10 155 60 208
0001001101011110: 10 155 60 158
0001001101011110: 10 155 60 83
0001001101011110: 10 155 60 65
0001001101011110: 10 155 60 14
0001001101011110: 10 60 296 65
0001001101011110: 11 454 282 196
0001001101011110: 11 454 307 52
0001001101011110: 11 430 307 52
0001001101011110: 11 397 307 52
0001001101011110: 11 307 428 367
0001001101011110: 11 307 407 52
0001001101011110: 11 307 367 52
0001001101011110: 11 307 256 52
0001001101011110: 11 307 226 52
0001001101011110: 11 307 177 52
0001001101011110: 11 307 162 52
0001001101011110: 11 307 76 52
0001001101011110: 11 307 278 52
0001001101011110: 11 307 234 52
0001001101011110: 11 307 52 435
0001001101011110: 11 307 52 413
0001001101011110: 11 307 52 299
0001001101011110: 11 307 52 279
0001001101011110: 11 307 52 209
0001001101011110: 11 307 52 194
0001001101011110: 11 307 52 75
0001001101011110: 11 307 52 74
0001001101011110: 11 307 52 22
0001001101011110: 12 408 268 151
0001001101011110: 12 405 451 373
0001001101011110: 12 377 288 149
0001001101011110: 12 80 456 70
0001001101011110: 13 428 367 307
0001001101011110: 13 428 307 52
0001001101011110: 13 428 120 86
0001001101011110: 13 142 270 255
0001001101011110: 14 460 414 31
0001001101011110: 14 460 309 153
0001001101011110: 14 95 302 86
0001001101011110: 15 364 118 29
0001001101011110: 15 225 406 362
0001001101011110: 15 225 155 18
0001001101011110: 18 269 225 155
0001001101011110: 18 225 428 155
0001001101011110: 18 225 406 362
0001001101011110: 18 225 406 155
0001001101011110: 18 225 362 155
0001001101011110: 18 225 235 155
0001001101011110: 18 225 174 155
0001001101011110: 18 225 25 155
0001001101011110: 18 225 198 155
0001001101011110: 18 225 187 155
0001001101011110: 18 225 155 368
0001001101011110: 18 225 155 309
0001001101011110: 18 225 155 292
0001001101011110: 18 225 155 243
0001001101011110: 18 225 155 206
0001001101011110: 18 225 155 182
0001001101011110: 18 225 155 63
0001001101011110: 18 225 155 60
0001001101011110: 18 225 155 35
0001001101011110: 18 225 155 30
0001001101011110: 18 225 155 144
0001001101011110: 18 225 155 142
0001001101011110: 18 198 321 163
0001001101011110: 18 142 270 255
0001001101011110: 19 393 116 74
0001001101011110: 19 382 116 74
0001001101011110: 19 380 116 74
0001001101011110: 19 299 175 172
0001001101011110: 19 299 116 74
0001001101011110: 19 287 116 74
0001001101011110: 19 212 336 25
0001001101011110: 19 212 116 74
0001001101011110: 19 201 116 74
0001001101011110: 19 191 116 74
0001001101011110: 19 131 194 140
0001001101011110: 19 131 116 74
0001001101011110: 19 116 451 74
0001001101011110: 19 116 430 74
0001001101011110: 19 116 395 74
0001001101011110: 19 116 76 74
0001001101011110: 19 116 63 74
0001001101011110: 19 116 74 452
0001001101011110: 19 116 74 199
0001001101011110: 19 116 74 156
0001001101011110: 19 116 74 77
0001001101011110: 19 116 74 62
0001001101011110: 19 116 74 52
0001001101011110: 19 116 74 50
0001001101011110: 19 116 74 59
0001001101011110: 19 116 74 32
0001001101011110: 19 116 74 21
0001001101011110: 20 453 426 76
0001001101011110: 20 453 114 99
0001001101011110: 20 385 114 99
0001001101011110: 20 356 114 99
0001001101011110: 20 179 114 99
0001001101011110: 20 114 420 99
0001001101011110: 20 114 310 99
0001001101011110: 20 114 66 99
0001001101011110: 20 114 50 99
0001001101011110: 20 114 99 398
0001001101011110: 20 114 99 373
0001001101011110: 20 114 99 370
0001001101011110: 20 114 99 299
0001001101011110: 20 114 99 292
0001001101011110: 20 114 99 267
0001001101011110: 20 114 99 231
0001001101011110: 20 114 99 177
0001001101011110: 20 114 99 133
0001001101011110: 20 114 99 128
0001001101011110: 20 114 99 108
0001001101011110: 20 114 99 90
0001001101011110: 20 114 99 48
0001001101011110: 20 114 99 93
0001001101011110: 20 114 99 62
0001001101011110: 20 114 99 29
0001001101011110: 20 99 267 231
0001001101011110: 20 93 315 165
0001001101011110: 20 93 215 66
0001001101011110: 20 29 462 118
0001001101011110: 20 29 364 118
0001001101011110: 20 29 293 118
0001001101011110: 20 29 288 118
0001001101011110: 24 432 360 167
0001001101011110: 24 267 231 99
0001001101011110: 24 267 203 46
0001001101011110: 24 163 321 218
0001001101011110: 24 163 321 198
0001001101011110: 25 336 379 212
0001001101011110: 25 336 353 212
0001001101011110: 25 336 244 212
0001001101011110: 25 336 220 212
0001001101011110: 25 336 139 212
0001001101011110: 25 336 119 212
0001001101011110: 25 336 33 212
0001001101011110: 25 336 326 212
0001001101011110: 25 336 326 96
0001001101011110: 25 336 296 212
0001001101011110: 25 336 225 212
0001001101011110: 25 336 212 423
0001001101011110: 25 336 212 192
0001001101011110: 25 336 212 209
0001001101011110: 25 336 212 159
0001001101011110: 25 336 212 96
0001001101011110: 25 336 212 92
0001001101011110: 25 336 212 28
0001001101011110: 25 326 459 96
0001001101011110: 25 326 335 96
0001001101011110: 25 326 206 96
0001001101011110: 25 326 179 96
0001001101011110: 25 326 58 96
0001001101011110: 25 326 40 96
0001001101011110: 25 326 26 96
0001001101011110: 25 326 296 96
0001001101011110: 25 326 225 96
0001001101011110: 25 326 212 96
0001001101011110: 25 326 209 96
0001001101011110: 25 326 159 96
0001001101011110: 25 326 96 357
0001001101011110: 25 326 96 246
0001001101011110: 25 326 96 238
0001001101011110: 25 326 96 236
0001001101011110: 25 326 96 183
0001001101011110: 25 326 96 120
0001001101011110: 25 326 96 92
0001001101011110: 25 326 96 28
0001001101011110: 25 296 65 60
0001001101011110: 25 225 406 362
0001001101011110: 25 209 231 55
0001001101011110: 25 209 150 105
0001001101011110: 25 96 238 120
0001001101011110: 25 92 313 35
0001001101011110: 26 296 65 60
0001001101011110: 26 194 140 131
0001001101011110: 26 84 341 49
0001001101011110: 27 175 299 172
0001001101011110: 28 423 288 149
0001001101011110: 28 408 268 151
0001001101011110: 28 299 175 172
0001001101011110: 28 293 118 29
0001001101011110: 29 462 451 118
0001001101011110: 29 462 392 118
0001001101011110: 29 462 328 118
0001001101011110: 29 462 237 118
0001001101011110: 29 462 115 118
0001001101011110: 29 462 389 118
0001001101011110: 29 462 318 118
0001001101011110: 29 462 317 118
0001001101011110: 29 462 118 450
0001001101011110: 29 462 118 417
0001001101011110: 29 462 118 390
0001001101011110: 29 462 118 209
0001001101011110: 29 462 118 174
0001001101011110: 29 462 118 103
0001001101011110: 29 462 118 51
0001001101011110: 29 462 118 46
0001001101011110: 29 462 118 75
0001001101011110: 29 389 72 51
0001001101011110: 29 389 364 118
0001001101011110: 29 389 293 118
0001001101011110: 29 389 288 118
0001001101011110: 29 364 397 118
0001001101011110: 29 364 384 118
0001001101011110: 29 364 335 118
0001001101011110: 29 364 218 118
0001001101011110: 29 364 175 118
0001001101011110: 29 364 62 118
0001001101011110: 29 364 318 118
0001001101011110: 29 364 317 118
0001001101011110: 29 364 118 450
0001001101011110: 29 364 118 417
0001001101011110: 29 364 118 390
0001001101011110: 29 364 118 209
0001001101011110: 29 364 118 174
0001001101011110: 29 364 118 103
0001001101011110: 29 364 118 51
0001001101011110: 29 364 118 46
0001001101011110: 29 364 118 75
0001001101011110: 29 318 293 118
0001001101011110: 29 318 288 118
0001001101011110: 29 317 293 118
0001001101011110: 29 317 288 118
0001001101011110: 29 293 286 118
0001001101011110: 29 293 279 118
0001001101011110: 29 293 260 118
0001001101011110: 29 293 197 118
0001001101011110: 29 293 139 118
0001001101011110: 29 293 109 118
0001001101011110: 29 293 98 118
0001001101011110: 29 293 63 118
0001001101011110: 29 293 118 450
0001001101011110: 29 293 118 417
0001001101011110: 29 293 118 390
0001001101011110: 29 293 118 209
0001001101011110: 29 293 118 174
0001001101011110: 29 293 118 103
0001001101011110: 29 293 118 51
0001001101011110: 29 293 118 46
0001001101011110: 29 293 118 75
0001001101011110: 29 288 463 118
0001001101011110: 29 288 459 118
0001001101011110: 29 288 423 149
0001001101011110: 29 288 423 118
0001001101011110: 29 288 377 149
0001001101011110: 29 288 377 118
0001001101011110: 29 288 371 118
0001001101011110: 29 288 315 118
0001001101011110: 29 288 289 118
0001001101011110: 29 288 149 118
0001001101011110: 29 288 126 118
0001001101011110: 29 288 118 450
0001001101011110: 29 288 118 417
0001001101011110: 29 288 118 390
0001001101011110: 29 288 118 209
0001001101011110: 29 288 118 174
0001001101011110: 29 288 118 103
0001001101011110: 29 288 118 51
0001001101011110: 29 288 118 46
0001001101011110: 29 288 118 75
0001001101011110: 30 428 367 307
0001001101011110: 30 428 307 52
0001001101011110: 30 428 120 86
0001001101011110: 30 61 70 36
0001001101011110: 31 460 309 153
0001001101011110: 31 460 309 414
0001001101011110: 31 460 180 414
0001001101011110: 31 460 153 414
0001001101011110: 31 460 448 414
0001001101011110: 31 460 414 268
0001001101011110: 31 460 414 67
0001001101011110: 31 460 414 405
0001001101011110: 31 460 414 375
0001001101011110: 31 460 414 271
0001001101011110: 31 460 414 257
0001001101011110: 31 460 414 221
0001001101011110: 31 460 414 208
0001001101011110: 31 460 414 47
0001001101011110: 31 405 451 373
0001001101011110: 32 302 95 86
0001001101011110: 32 61 70 36
0001001101011110: 33 344 407 192
0001001101011110: 33 321 218 163
0001001101011110: 33 321 198 163
0001001101011110: 33 282 454 196
0001001101011110: 33 231 267 99
0001001101011110: 33 231 209 55
0001001101011110: 34 203 267 46
0001001101011110: 35 439 313 92
0001001101011110: 35 373 451 405
0001001101011110: 35 373 313 92
0001001101011110: 35 361 313 92
0001001101011110: 35 354 313 92
0001001101011110: 35 313 387 92
0001001101011110: 35 313 140 92
0001001101011110: 35 313 87 92
0001001101011110: 35 313 296 92
0001001101011110: 35 313 166 92
0001001101011110: 35 313 155 92
0001001101011110: 35 313 152 92
0001001101011110: 35 313 131 92
0001001101011110: 35 313 93 92
0001001101011110: 35 313 92 422
0001001101011110: 35 313 92 407
0001001101011110: 35 313 92 315
0001001101011110: 35 313 92 228
0001001101011110: 35 313 92 115
0001001101011110: 35 313 92 77
0001001101011110: 35 296 65 60
0001001101011110: 35 131 194 140
0001001101011110: 35 93 315 165
0001001101011110: 35 93 215 66
0001001101011110: 36 356 70 61
0001001101011110: 36 255 270 142
0001001101011110: 36 255 70 61
0001001101011110: 36 240 70 61
0001001101011110: 36 230 70 61
0001001101011110: 36 200 70 61
0001001101011110: 36 146 70 61
0001001101011110: 36 93 315 165
0001001101011110: 36 93 215 66
0001001101011110: 36 93 70 61
0001001101011110: 36 70 456 80
0001001101011110: 36 70 456 61
0001001101011110: 36 70 435 61
0001001101011110: 36 70 154 61
0001001101011110: 36 70 80 61
0001001101011110: 36 70 61 448
0001001101011110: 36 70 61 368
0001001101011110: 36 70 61 327
0001001101011110: 36 70 61 276
0001001101011110: 36 70 61 179
0001001101011110: 36 70 61 115
0001001101011110: 36 70 61 105
0001001101011110: 38 453 426 76
0001001101011110: 39 315 165 93
0001001101011110: 40 209 231 55
0001001101011110: 40 209 150 105
0001001101011110: 41 432 360 167
0001001101011110: 41 282 454 196
0001001101011110: 41 153 460 309
0001001101011110: 41 131 194 140
0001001101011110: 42 231 267 99
0001001101011110: 42 231 209 55
0001001101011110: 43 435 186 157
0001001101011110: 43 172 299 175
0001001101011110: 43 151 408 268
0001001101011110: 43 151 291 98
0001001101011110: 43 151 268 98
0001001101011110: 43 151 213 98
0001001101011110: 44 362 406 225
0001001101011110: 44 196 454 282
0001001101011110: 45 341 84 49
0001001101011110: 46 349 267 203
0001001101011110: 46 289 267 203
0001001101011110: 46 282 454 196
0001001101011110: 46 282 267 203
0001001101011110: 46 267 298 203
0001001101011110: 46 267 287 203
0001001101011110: 46 267 250 203
0001001101011110: 46 267 236 203
0001001101011110: 46 267 231 99
0001001101011110: 46 267 231 203
0001001101011110: 46 267 178 203
0001001101011110: 46 267 99 203
0001001101011110: 46 267 262 203
0001001101011110: 46 267 203 266
0001001101011110: 46 267 203 136
0001001101011110: 46 267 203 175
0001001101011110: 46 267 203 118
0001001101011110: 46 267 203 109
0001001101011110: 46 267 203 73
0001001101011110: 46 267 203 69
0001001101011110: 46 175 299 172
0001001101011110: 46 73 420 132
0001001101011110: 47 131 194 140
0001001101011110: 48 428 367 307
0001001101011110: 48 428 307 52
0001001101011110: 48 428 120 86
0001001101011110: 48 408 268 151
0001001101011110: 48 99 267 231
0001001101011110: 49 439 341 84
0001001101011110: 49 439 192 184
0001001101011110: 49 439 184 178
0001001101011110: 49 341 432 84
0001001101011110: 49 341 382 84
0001001101011110: 49 341 370 84
0001001101011110: 49 341 344 84
0001001101011110: 49 341 327 84
0001001101011110: 49 341 262 84
0001001101011110: 49 341 182 84
0001001101011110: 49 341 122 84
0001001101011110: 49 341 111 84
0001001101011110: 49 341 339 84
0001001101011110: 49 341 294 84
0001001101011110: 49 341 287 84
0001001101011110: 49 341 224 84
0001001101011110: 49 341 192 184
0001001101011110: 49 341 192 84
0001001101011110: 49 341 184 178
0001001101011110: 49 341 184 84
0001001101011110: 49 341 178 84
0001001101011110: 49 341 84 402
0001001101011110: 49 341 84 362
0001001101011110: 49 341 84 349
0001001101011110: 49 341 84 340
0001001101011110: 49 341 84 279
0001001101011110: 49 341 84 179
0001001101011110: 49 341 84 168
0001001101011110: 49 341 84 100
0001001101011110: 49 341 84 65
0001001101011110: 49 341 84 82
0001001101011110: 49 339 192 184
0001001101011110: 49 339 184 178
0001001101011110: 49 294 192 184
0001001101011110: 49 294 184 178
0001001101011110: 49 287 192 184
0001001101011110: 49 287 184 178
0001001101011110: 49 224 192 184
0001001101011110: 49 224 184 178
0001001101011110: 49 192 407 344
0001001101011110: 49 192 407 184
0001001101011110: 49 192 406 184
0001001101011110: 49 192 396 184
0001001101011110: 49 192 344 184
0001001101011110: 49 192 251 184
0001001101011110: 49 192 215 184
0001001101011110: 49 192 212 184
0001001101011110: 49 192 184 456
0001001101011110: 49 192 184 431
0001001101011110: 49 192 184 416
0001001101011110: 49 192 184 398
0001001101011110: 49 192 184 368
0001001101011110: 49 192 184 165
0001001101011110: 49 192 184 152
0001001101011110: 49 192 184 104
0001001101011110: 49 192 184 84
0001001101011110: 49 192 184 82
0001001101011110: 49 184 456 178
0001001101011110: 49 184 431 178
0001001101011110: 49 184 416 178
0001001101011110: 49 184 398 178
0001001101011110: 49 184 368 178
0001001101011110: 49 184 165 178
0001001101011110: 49 184 152 178
0001001101011110: 49 184 104 178
0001001101011110: 49 184 178 440
0001001101011110: 49 184 178 348
0001001101011110: 49 184 178 284
0001001101011110: 49 184 178 267
0001001101011110: 49 184 178 171
0001001101011110: 49 184 178 84
0001001101011110: 49 184 178 82
0001001101011110: 51 455 389 72
0001001101011110: 51 448 389 72
0001001101011110: 51 389 370 72
0001001101011110: 51 389 348 72
0001001101011110: 51 389 284 72
0001001101011110: 51 389 244 72
0001001101011110: 51 389 127 72
0001001101011110: 51 389 118 72
0001001101011110: 51 389 72 417
0001001101011110: 51 389 72 400
0001001101011110: 51 389 72 333
0001001101011110: 51 389 72 327
0001001101011110: 51 389 72 278
0001001101011110: 51 389 72 190
0001001101011110: 51 389 72 147
0001001101011110: 51 389 72 135
0001001101011110: 51 389 72 134
0001001101011110: 51 389 72 126
0001001101011110: 52 435 186 157
0001001101011110: 52 435 428 307
0001001101011110: 52 428 348 307
0001001101011110: 52 428 281 307
0001001101011110: 52 428 225 307
0001001101011110: 52 428 221 307
0001001101011110: 52 428 123 307
0001001101011110: 52 428 120 86
0001001101011110: 52 428 120 307
0001001101011110: 52 428 86 307
0001001101011110: 52 428 80 307
0001001101011110: 52 428 413 307
0001001101011110: 52 428 307 407
0001001101011110: 52 428 307 256
0001001101011110: 52 428 307 226
0001001101011110: 52 428 307 177
0001001101011110: 52 428 307 162
0001001101011110: 52 428 307 76
0001001101011110: 52 428 307 299
0001001101011110: 52 428 307 279
0001001101011110: 52 428 307 209
0001001101011110: 52 428 307 194
0001001101011110: 52 428 307 75
0001001101011110: 52 428 307 74
0001001101011110: 52 299 175 172
0001001101011110: 52 209 231 55
0001001101011110: 52 209 150 105
0001001101011110: 52 194 140 131
0001001101011110: 53 194 140 131
0001001101011110: 54 405 451 373
0001001101011110: 55 458 245 171
0001001101011110: 55 458 231 209
0001001101011110: 55 450 245 171
0001001101011110: 55 450 231 209
0001001101011110: 55 324 245 171
0001001101011110: 55 324 231 209
0001001101011110: 55 299 175 172
0001001101011110: 55 299 245 171
0001001101011110: 55 299 231 209
0001001101011110: 55 245 347 171
0001001101011110: 55 245 332 171
0001001101011110: 55 245 302 171
0001001101011110: 55 245 264 171
0001001101011110: 55 245 67 171
0001001101011110: 55 245 239 171
0001001101011110: 55 245 231 209
0001001101011110: 55 245 231 171
0001001101011110: 55 245 222 171
0001001101011110: 55 245 209 171
0001001101011110: 55 245 206 171
0001001101011110: 55 245 171 362
0001001101011110: 55 245 171 262
0001001101011110: 55 245 171 252
0001001101011110: 55 245 171 205
0001001101011110: 55 245 171 181
0001001101011110: 55 245 171 178
0001001101011110: 55 245 171 69
0001001101011110: 55 245 171 146
0001001101011110: 55 239 231 209
0001001101011110: 55 231 377 209
0001001101011110: 55 231 271 209
0001001101011110: 55 231 267 99
0001001101011110: 55 231 267 209
0001001101011110: 55 231 265 209
0001001101011110: 55 231 220 209
0001001101011110: 55 231 216 209
0001001101011110: 55 231 163 209
0001001101011110: 55 231 99 209
0001001101011110: 55 231 57 209
0001001101011110: 55 231 222 209
0001001101011110: 55 231 209 150
0001001101011110: 55 231 209 118
0001001101011110: 55 231 209 105
0001001101011110: 55 231 209 60
0001001101011110: 55 231 209 206
0001001101011110: 55 231 209 171
0001001101011110: 55 231 209 146
0001001101011110: 55 209 150 105
0001001101011110: 57 231 267 99
0001001101011110: 57 80 456 70
0001001101011110: 58 165 315 93
0001001101011110: 60 450 296 65
0001001101011110: 60 356 296 65
0001001101011110: 60 321 218 163
0001001101011110: 60 321 198 163
0001001101011110: 60 321 296 65
0001001101011110: 60 296 444 65
0001001101011110: 60 296 437 65
0001001101011110: 60 296 382 65
0001001101011110: 60 296 302 65
0001001101011110: 60 296 295 65
0001001101011110: 60 296 270 65
0001001101011110: 60 296 209 65
0001001101011110: 60 296 208 65
0001001101011110: 60 296 158 65
0001001101011110: 60 296 155 65
0001001101011110: 60 296 83 65
0001001101011110: 60 296 65 458
0001001101011110: 60 296 65 84
0001001101011110: 60 296 65 82
0001001101011110: 60 270 255 142
0001001101011110: 60 209 150 105
0001001101011110: 61 276 283 66
0001001101011110: 61 105 209 150
0001001101011110: 61 70 456 80
0001001101011110: 62 167 432 360
0001001101011110: 62 151 408 268
0001001101011110: 62 151 291 98
0001001101011110: 62 151 268 98
0001001101011110: 62 151 213 98
0001001101011110: 64 360 432 167
0001001101011110: 64 302 95 86
0001001101011110: 64 105 209 150
0001001101011110: 66 383 283 276
0001001101011110: 66 383 215 93
0001001101011110: 66 352 283 276
0001001101011110: 66 352 215 93
0001001101011110: 66 283 433 276
0001001101011110: 66 283 427 276
0001001101011110: 66 283 317 276
0001001101011110: 66 283 276 455
0001001101011110: 66 283 276 446
0001001101011110: 66 283 276 409
0001001101011110: 66 283 276 374
0001001101011110: 66 283 276 226
0001001101011110: 66 283 276 189
0001001101011110: 66 283 276 185
0001001101011110: 66 283 276 138
0001001101011110: 66 283 276 136
0001001101011110: 66 283 276 125
0001001101011110: 66 283 276 102
0001001101011110: 66 283 276 242
0001001101011110: 66 283 276 234
0001001101011110: 66 283 276 232
0001001101011110: 66 283 276 215
0001001101011110: 66 283 276 147
0001001101011110: 66 283 276 114
0001001101011110: 66 283 276 93
0001001101011110: 66 283 215 93
0001001101011110: 66 276 215 93
0001001101011110: 66 242 215 93
0001001101011110: 66 234 215 93
0001001101011110: 66 232 215 93
0001001101011110: 66 215 353 93
0001001101011110: 66 215 192 93
0001001101011110: 66 215 183 93
0001001101011110: 66 215 106 93
0001001101011110: 66 215 147 93
0001001101011110: 66 215 114 93
0001001101011110: 66 215 93 330
0001001101011110: 66 215 93 316
0001001101011110: 66 215 93 315
0001001101011110: 66 215 93 190
0001001101011110: 66 215 93 165
0001001101011110: 66 93 315 165
0001001101011110: 67 454 282 196
0001001101011110: 67 131 194 140
0001001101011110: 69 98 291 151
0001001101011110: 69 98 268 151
0001001101011110: 69 98 213 151
0001001101011110: 70 456 422 80
0001001101011110: 70 456 229 80
0001001101011110: 70 456 184 80
0001001101011110: 70 456 132 80
0001001101011110: 70 456 435 80
0001001101011110: 70 456 154 80
0001001101011110: 70 456 80 428
0001001101011110: 70 456 80 411
0001001101011110: 70 456 80 358
0001001101011110: 70 456 80 249
0001001101011110: 70 456 80 133
0001001101011110: 70 456 80 130
0001001101011110: 70 456 80 100
0001001101011110: 70 435 186 157
0001001101011110: 71 98 291 151
0001001101011110: 71 98 268 151
0001001101011110: 71 98 213 151
0001001101011110: 73 437 420 132
0001001101011110: 73 420 401 132
0001001101011110: 73 420 367 132
0001001101011110: 73 420 327 132
0001001101011110: 73 420 321 132
0001001101011110: 73 420 305 132
0001001101011110: 73 420 282 132
0001001101011110: 73 420 197 132
0001001101011110: 73 420 161 132
0001001101011110: 73 420 114 132
0001001101011110: 73 420 228 132
0001001101011110: 73 420 154 132
0001001101011110: 73 420 132 456
0001001101011110: 73 420 132 347
0001001101011110: 73 420 132 185
0001001101011110: 73 420 132 120
0001001101011110: 76 453 425 426
0001001101011110: 76 453 390 426
0001001101011110: 76 453 271 426
0001001101011110: 76 453 247 426
0001001101011110: 76 453 438 426
0001001101011110: 76 453 426 333
0001001101011110: 76 453 426 91
0001001101011110: 76 453 426 314
0001001101011110: 76 453 426 307
0001001101011110: 76 453 426 275
0001001101011110: 76 453 426 116
0001001101011110: 76 307 428 367
0001001101011110: 78 218 321 163
0001001101011110: 78 131 194 140
0001001101011110: 80 428 367 307
0001001101011110: 80 428 120 86
0001001101011110: 82 120 428 86
0001001101011110: 82 120 238 96
0001001101011110: 84 362 406 225
0001001101011110: 86 428 367 307
0001001101011110: 86 428 367 120
0001001101011110: 86 428 348 120
0001001101011110: 86 428 307 120
0001001101011110: 86 428 281 120
0001001101011110: 86 428 225 120
0001001101011110: 86 428 221 120
0001001101011110: 86 428 123 120
0001001101011110: 86 428 424 120
0001001101011110: 86 428 315 120
0001001101011110: 86 428 302 120
0001001101011110: 86 428 302 95
0001001101011110: 86 428 224 120
0001001101011110: 86 428 193 120
0001001101011110: 86 428 147 120
0001001101011110: 86 428 120 374
0001001101011110: 86 428 120 305
0001001101011110: 86 428 120 253
0001001101011110: 86 428 120 239
0001001101011110: 86 428 120 238
0001001101011110: 86 428 120 195
0001001101011110: 86 428 120 132
0001001101011110: 86 428 120 100
0001001101011110: 86 428 120 96
0001001101011110: 86 428 120 95
0001001101011110: 86 424 302 95
0001001101011110: 86 315 165 93
0001001101011110: 86 315 302 95
0001001101011110: 86 302 372 95
0001001101011110: 86 302 296 95
0001001101011110: 86 302 245 95
0001001101011110: 86 302 234 95
0001001101011110: 86 302 113 95
0001001101011110: 86 302 224 95
0001001101011110: 86 302 193 95
0001001101011110: 86 302 147 95
0001001101011110: 86 302 120 95
0001001101011110: 86 302 95 445
0001001101011110: 86 302 95 331
0001001101011110: 86 302 95 246
0001001101011110: 86 302 95 174
0001001101011110: 86 302 95 160
0001001101011110: 86 302 95 151
0001001101011110: 86 120 238 96
0001001101011110: 87 408 268 151
0001001101011110: 89 423 288 149
0001001101011110: 90 99 267 231
0001001101011110: 92 422 316 104
0001001101011110: 92 407 344 192
0001001101011110: 92 315 165 93
0001001101011110: 93 330 315 165
0001001101011110: 93 316 422 104
0001001101011110: 93 316 315 165
0001001101011110: 93 315 362 165
0001001101011110: 93 315 348 165
0001001101011110: 93 315 288 165
0001001101011110: 93 315 281 165
0001001101011110: 93 315 196 165
0001001101011110: 93 315 188 165
0001001101011110: 93 315 102 165
0001001101011110: 93 315 215 165
0001001101011110: 93 315 190 165
0001001101011110: 93 315 165 374
0001001101011110: 93 315 165 279
0001001101011110: 93 315 165 223
0001001101011110: 93 315 165 184
0001001101011110: 93 315 165 138
0001001101011110: 93 315 165 108
0001001101011110: 94 213 151 98
0001001101011110: 95 151 408 268
0001001101011110: 95 151 291 98
0001001101011110: 95 151 268 98
0001001101011110: 95 151 213 98
0001001101011110: 96 357 238 120
0001001101011110: 96 326 238 120
0001001101011110: 96 246 238 120
0001001101011110: 96 238 452 120
0001001101011110: 96 238 352 120
0001001101011110: 96 238 278 120
0001001101011110: 96 238 275 120
0001001101011110: 96 238 254 120
0001001101011110: 96 238 227 120
0001001101011110: 96 238 236 120
0001001101011110: 96 238 183 120
0001001101011110: 96 238 120 428
0001001101011110: 96 238 120 374
0001001101011110: 96 238 120 305
0001001101011110: 96 238 120 253
0001001101011110: 96 238 120 239
0001001101011110: 96 238 120 195
0001001101011110: 96 238 120 132
0001001101011110: 96 238 120 100
0001001101011110: 98 437 291 151
0001001101011110: 98 437 268 151
0001001101011110: 98 437 213 151
0001001101011110: 98 392 291 151
0001001101011110: 98 392 268 151
0001001101011110: 98 392 213 151
0001001101011110: 98 293 291 151
0001001101011110: 98 293 268 151
0001001101011110: 98 293 213 151
0001001101011110: 98 291 355 151
0001001101011110: 98 291 273 151
0001001101011110: 98 291 236 151
0001001101011110: 98 291 194 151
0001001101011110: 98 291 250 151
0001001101011110: 98 291 244 151
0001001101011110: 98 291 207 151
0001001101011110: 98 291 202 151
0001001101011110: 98 291 151 408
0001001101011110: 98 291 151 351
0001001101011110: 98 291 151 323
0001001101011110: 98 291 151 309
0001001101011110: 98 291 151 289
0001001101011110: 98 291 151 177
0001001101011110: 98 291 151 143
0001001101011110: 98 268 455 151
0001001101011110: 98 268 425 151
0001001101011110: 98 268 414 151
0001001101011110: 98 268 147 151
0001001101011110: 98 268 250 151
0001001101011110: 98 268 244 151
0001001101011110: 98 268 207 151
0001001101011110: 98 268 202 151
0001001101011110: 98 268 151 351
0001001101011110: 98 268 151 323
0001001101011110: 98 268 151 309
0001001101011110: 98 268 151 289
0001001101011110: 98 268 151 177
0001001101011110: 98 268 151 143
0001001101011110: 98 250 213 151
0001001101011110: 98 244 213 151
0001001101011110: 98 213 390 151
0001001101011110: 98 213 312 151
0001001101011110: 98 213 207 151
0001001101011110: 98 213 202 151
0001001101011110: 98 213 151 408
0001001101011110: 98 213 151 351
0001001101011110: 98 213 151 323
0001001101011110: 98 213 151 309
0001001101011110: 98 213 151 289
0001001101011110: 98 213 151 177
0001001101011110: 98 213 151 143
0001001101011110: 99 398 267 231
0001001101011110: 99 373 451 405
0001001101011110: 99 373 267 231
0001001101011110: 99 370 267 231
0001001101011110: 99 299 175 172
0001001101011110: 99 299 267 231
0001001101011110: 99 292 267 231
0001001101011110: 99 267 298 231
0001001101011110: 99 267 287 231
0001001101011110: 99 267 250 231
0001001101011110: 99 267 236 231
0001001101011110: 99 267 203 231
0001001101011110: 99 267 178 231
0001001101011110: 99 267 231 377
0001001101011110: 99 267 231 271
0001001101011110: 99 267 231 265
0001001101011110: 99 267 231 220
0001001101011110: 99 267 231 216
0001001101011110: 99 267 231 209
0001001101011110: 99 267 231 163
0001001101011110: 99 267 231 177
0001001101011110: 99 267 231 133
0001001101011110: 99 267 231 128
0001001101011110: 99 267 231 114
0001001101011110: 99 267 231 108
0001001101011110: 103 344 407 192
0001001101011110: 104 454 282 196
0001001101011110: 104 454 422 316
0001001101011110: 104 422 456 316
0001001101011110: 104 422 330 316
0001001101011110: 104 422 316 436
0001001101011110: 104 422 316 394
0001001101011110: 104 422 316 356
0001001101011110: 104 422 316 301
0001001101011110: 104 422 316 287
0001001101011110: 104 422 316 279
0001001101011110: 104 422 316 270
0001001101011110: 104 422 316 187
0001001101011110: 104 422 316 184
0001001101011110: 104 422 316 183
0001001101011110: 104 422 316 168
0001001101011110: 104 270 255 142
0001001101011110: 105 273 209 150
0001001101011110: 105 209 231 150
0001001101011110: 105 209 118 150
0001001101011110: 105 209 150 387
0001001101011110: 105 209 150 108
0001001101011110: 106 423 288 149
0001001101011110: 108 163 321 218
0001001101011110: 108 163 321 198
0001001101011110: 110 405 451 373
0001001101011110: 116 451 405 373
0001001101011110: 118 288 423 149
0001001101011110: 118 288 377 149
0001001101011110: 119 198 321 163
0001001101011110: 120 428 367 307
0001001101011110: 123 428 367 307
0001001101011110: 123 157 435 186
0001001101011110: 124 321 218 163
0001001101011110: 124 321 198 163
0001001101011110: 124 140 194 131
0001001101011110: 126 288 423 149
0001001101011110: 126 288 377 149
0001001101011110: 129 451 405 373
0001001101011110: 129 198 321 163
0001001101011110: 130 163 321 218
0001001101011110: 130 163 321 198
0001001101011110: 131 441 194 140
0001001101011110: 131 298 194 140
0001001101011110: 131 194 464 140
0001001101011110: 131 194 291 140
0001001101011110: 131 194 198 140
0001001101011110: 131 194 182 140
0001001101011110: 131 194 164 140
0001001101011110: 131 194 139 140
0001001101011110: 131 194 176 140
0001001101011110: 131 194 147 140
0001001101011110: 131 194 140 313
0001001101011110: 131 194 140 177
0001001101011110: 133 406 362 225
0001001101011110: 134 360 432 167
0001001101011110: 136 408 268 151
0001001101011110: 142 431 270 255
0001001101011110: 142 385 270 255
0001001101011110: 142 358 270 255
0001001101011110: 142 270 337 255
0001001101011110: 142 270 322 255
0001001101011110: 142 270 197 255
0001001101011110: 142 270 266 255
0001001101011110: 142 270 264 255
0001001101011110: 143 344 407 192
0001001101011110: 143 186 435 157
0001001101011110: 143 151 408 268
0001001101011110: 147 268 408 151
0001001101011110: 149 434 423 288
0001001101011110: 149 434 377 288
0001001101011110: 149 423 444 288
0001001101011110: 149 423 327 288
0001001101011110: 149 423 287 288
0001001101011110: 149 423 232 288
0001001101011110: 149 423 212 288
0001001101011110: 149 423 199 288
0001001101011110: 149 423 188 288
0001001101011110: 149 423 395 288
0001001101011110: 149 423 320 288
0001001101011110: 149 423 288 463
0001001101011110: 149 423 288 459
0001001101011110: 149 423 288 371
0001001101011110: 149 423 288 315
0001001101011110: 149 423 288 289
0001001101011110: 149 423 288 281
0001001101011110: 149 423 288 265
0001001101011110: 149 423 288 247
0001001101011110: 149 395 377 288
0001001101011110: 149 377 376 288
0001001101011110: 149 377 241 288
0001001101011110: 149 377 231 288
0001001101011110: 149 377 320 288
0001001101011110: 149 377 288 463
0001001101011110: 149 377 288 459
0001001101011110: 149 377 288 371
0001001101011110: 149 377 288 315
0001001101011110: 149 377 288 289
0001001101011110: 149 377 288 281
0001001101011110: 149 377 288 265
0001001101011110: 149 377 288 247
0001001101011110: 151 408 351 268
0001001101011110: 151 408 323 268
0001001101011110: 151 408 309 268
0001001101011110: 151 408 291 268
0001001101011110: 151 408 289 268
0001001101011110: 151 408 268 455
0001001101011110: 151 408 268 425
0001001101011110: 151 408 268 414
0001001101011110: 151 408 268 213
0001001101011110: 151 408 268 177
0001001101011110: 151 309 460 153
0001001101011110: 152 167 432 360
0001001101011110: 153 460 414 309
0001001101011110: 153 460 180 309
0001001101011110: 153 460 413 309
0001001101011110: 153 460 345 309
0001001101011110: 153 460 309 439
0001001101011110: 153 460 309 318
0001001101011110: 153 460 309 155
0001001101011110: 153 460 309 300
0001001101011110: 154 196 454 282
0001001101011110: 155 225 406 362
0001001101011110: 157 435 429 186
0001001101011110: 157 435 371 186
0001001101011110: 157 435 160 186
0001001101011110: 157 435 374 186
0001001101011110: 157 435 362 186
0001001101011110: 157 435 349 186
0001001101011110: 157 435 260 186
0001001101011110: 157 435 223 186
0001001101011110: 157 435 186 430
0001001101011110: 157 435 186 333
0001001101011110: 157 435 186 305
0001001101011110: 157 435 186 269
0001001101011110: 157 435 186 173
0001001101011110: 157 362 406 225
0001001101011110: 159 198 321 163
0001001101011110: 160 299 175 172
0001001101011110: 160 198 321 163
0001001101011110: 162 307 428 367
0001001101011110: 163 448 321 218
0001001101011110: 163 448 321 198
0001001101011110: 163 321 420 218
0001001101011110: 163 321 420 198
0001001101011110: 163 321 406 218
0001001101011110: 163 321 406 198
0001001101011110: 163 321 386 218
0001001101011110: 163 321 386 198
0001001101011110: 163 321 196 218
0001001101011110: 163 321 196 198
0001001101011110: 163 321 231 218
0001001101011110: 163 321 231 198
0001001101011110: 163 321 218 390
0001001101011110: 163 321 218 379
0001001101011110: 163 321 218 364
0001001101011110: 163 321 218 287
0001001101011110: 163 321 218 282
0001001101011110: 163 321 218 264
0001001101011110: 163 321 198 318
0001001101011110: 163 321 198 298
0001001101011110: 163 321 198 194
0001001101011110: 166 344 407 192
0001001101011110: 167 432 390 360
0001001101011110: 167 432 341 360
0001001101011110: 167 432 416 360
0001001101011110: 167 432 412 360
0001001101011110: 167 432 388 360
0001001101011110: 167 432 360 446
0001001101011110: 167 432 360 358
0001001101011110: 167 432 360 334
0001001101011110: 167 432 360 202
0001001101011110: 167 432 360 172
0001001101011110: 167 172 299 175
0001001101011110: 171 362 406 225
0001001101011110: 172 386 299 175
0001001101011110: 172 319 299 175
0001001101011110: 172 299 464 175
0001001101011110: 172 299 451 175
0001001101011110: 172 299 333 175
0001001101011110: 172 299 295 175
0001001101011110: 172 299 175 438
0001001101011110: 172 299 175 374
0001001101011110: 172 299 175 364
0001001101011110: 174 225 406 362
0001001101011110: 177 307 428 367
0001001101011110: 184 192 407 344
0001001101011110: 189 373 451 405
0001001101011110: 192 407 463 344
0001001101011110: 192 407 375 344
0001001101011110: 192 407 333 344
0001001101011110: 192 407 307 344
0001001101011110: 192 407 300 344
0001001101011110: 192 407 406 344
0001001101011110: 192 407 396 344
0001001101011110: 192 407 344 429
0001001101011110: 192 407 344 419
0001001101011110: 192 407 344 341
0001001101011110: 192 407 344 272
0001001101011110: 192 407 344 211
0001001101011110: 192 407 344 251
0001001101011110: 192 407 344 215
0001001101011110: 192 407 344 212
0001001101011110: 192 406 362 225
0001001101011110: 196 454 437 282
0001001101011110: 196 454 210 282
0001001101011110: 196 454 321 282
0001001101011110: 196 454 315 282
0001001101011110: 196 454 282 461
0001001101011110: 196 454 282 420
0001001101011110: 196 454 282 383
0001001101011110: 196 454 282 220
0001001101011110: 196 454 282 218
0001001101011110: 196 454 282 199
0001001101011110: 197 405 451 373
0001001101011110: 205 406 362 225
0001001101011110: 221 428 367 307
0001001101011110: 225 428 367 307
0001001101011110: 225 428 406 362
0001001101011110: 225 406 458 362
0001001101011110: 225 406 449 362
0001001101011110: 225 406 338 362
0001001101011110: 225 406 321 362
0001001101011110: 225 406 281 362
0001001101011110: 225 406 362 397
0001001101011110: 225 406 362 315
0001001101011110: 225 406 362 235
0001001101011110: 226 307 428 367
0001001101011110: 227 373 451 405
0001001101011110: 253 451 405 373
0001001101011110: 256 307 428 367
0001001101011110: 281 428 367 307
0001001101011110: 299 451 405 373
0001001101011110: 300 405 451 373
0001001101011110: 307 428 348 367
0001001101011110: 307 428 407 367
0001001101011110: 307 428 367 420
0001001101011110: 307 428 367 404
0001001101011110: 307 428 367 379
0001001101011110: 323 451 405 373
0001001101011110: 373 451 462 405
0001001101011110: 373 451 412 405
0001001101011110: 373 451 387 405
0001001101011110: 373 451 385 405
0001001101011110: 373 451 421 405
0001001101011110: 373 451 411 405
