0001001101011110: 1 187 151 104
0001001101011110: 1 161 190 75
0001001101011110: 1 161 151 104
0001001101011110: 1 151 207 104
0001001101011110: 1 151 203 84
0001001101011110: 1 151 203 104
0001001101011110: 1 151 84 104
0001001101011110: 1 151 36 104
0001001101011110: 1 151 26 12
0001001101011110: 1 151 26 104
0001001101011110: 1 151 20 104
0001001101011110: 1 151 144 104
0001001101011110: 1 151 140 104
0001001101011110: 1 151 106 104
0001001101011110: 1 151 104 215
0001001101011110: 1 151 104 204
0001001101011110: 1 151 104 133
0001001101011110: 1 151 104 100
0001001101011110: 1 151 104 94
0001001101011110: 1 151 104 55
0001001101011110: 1 151 104 49
0001001101011110: 1 151 104 19
0001001101011110: 1 151 104 93
0001001101011110: 1 151 104 44
0001001101011110: 1 140 201 116
0001001101011110: 1 140 128 119
0001001101011110: 1 104 100 55
0001001101011110: 1 93 155 80
0001001101011110: 1 44 145 27
0001001101011110: 1 44 103 8
0001001101011110: 1 44 43 8
0001001101011110: 2 119 184 117
0001001101011110: 2 119 140 128
0001001101011110: 2 99 156 90
0001001101011110: 2 99 90 10
0001001101011110: 2 52 181 167
0001001101011110: 2 52 167 115
0001001101011110: 2 8 103 44
0001001101011110: 2 8 44 43
0001001101011110: 2 8 43 26
0001001101011110: 3 10 99 90
0001001101011110: 4 204 184 92
0001001101011110: 4 79 210 103
0001001101011110: 5 207 145 27
0001001101011110: 5 207 27 13
0001001101011110: 5 150 94 22
0001001101011110: 6 169 167 42
0001001101011110: 6 167 212 42
0001001101011110: 6 167 181 52
0001001101011110: 6 167 181 42
0001001101011110: 6 167 115 52
0001001101011110: 6 167 115 42
0001001101011110: 6 167 103 80
0001001101011110: 6 167 103 42
0001001101011110: 6 167 86 42
0001001101011110: 6 167 80 42
0001001101011110: 6 167 52 42
0001001101011110: 6 167 48 42
0001001101011110: 6 167 27 42
0001001101011110: 6 167 124 42
0001001101011110: 6 167 122 42
0001001101011110: 6 167 95 42
0001001101011110: 6 167 91 42
0001001101011110: 6 167 73 42
0001001101011110: 6 167 71 42
0001001101011110: 6 167 49 42
0001001101011110: 6 167 42 158
0001001101011110: 6 167 42 157
0001001101011110: 6 167 42 64
0001001101011110: 6 167 42 39
0001001101011110: 6 167 42 36
0001001101011110: 6 167 42 15
0001001101011110: 7 212 85 34
0001001101011110: 7 194 147 146
0001001101011110: 7 140 201 116
0001001101011110: 7 140 128 119
0001001101011110: 7 92 204 184
0001001101011110: 7 92 184 81
0001001101011110: 8 199 103 44
0001001101011110: 8 199 44 43
0001001101011110: 8 199 43 26
0001001101011110: 8 184 204 92
0001001101011110: 8 184 119 117
0001001101011110: 8 184 92 81
0001001101011110: 8 184 81 23
0001001101011110: 8 184 103 44
0001001101011110: 8 184 44 43
0001001101011110: 8 184 43 26
0001001101011110: 8 133 103 44
0001001101011110: 8 133 44 43
0001001101011110: 8 133 43 26
0001001101011110: 8 103 210 79
0001001101011110: 8 103 210 44
0001001101011110: 8 103 172 54
0001001101011110: 8 103 172 44
0001001101011110: 8 103 167 80
0001001101011110: 8 103 167 44
0001001101011110: 8 103 164 44
0001001101011110: 8 103 139 44
0001001101011110: 8 103 110 44
0001001101011110: 8 103 80 44
0001001101011110: 8 103 79 44
0001001101011110: 8 103 63 44
0001001101011110: 8 103 54 13
0001001101011110: 8 103 54 44
0001001101011110: 8 103 13 44
0001001101011110: 8 103 86 44
0001001101011110: 8 103 85 44
0001001101011110: 8 103 77 44
0001001101011110: 8 103 47 44
0001001101011110: 8 103 44 205
0001001101011110: 8 103 44 145
0001001101011110: 8 103 44 88
0001001101011110: 8 103 44 74
0001001101011110: 8 103 44 32
0001001101011110: 8 103 44 27
0001001101011110: 8 103 44 26
0001001101011110: 8 103 43 26
0001001101011110: 8 86 192 153
0001001101011110: 8 86 139 24
0001001101011110: 8 86 44 43
0001001101011110: 8 86 43 26
0001001101011110: 8 85 212 34
0001001101011110: 8 85 44 43
0001001101011110: 8 85 43 26
0001001101011110: 8 77 82 50
0001001101011110: 8 77 44 43
0001001101011110: 8 77 43 26
0001001101011110: 8 47 44 43
0001001101011110: 8 47 43 26
0001001101011110: 8 44 205 43
0001001101011110: 8 44 145 27
0001001101011110: 8 44 145 43
0001001101011110: 8 44 88 43
0001001101011110: 8 44 74 43
0001001101011110: 8 44 32 43
0001001101011110: 8 44 27 43
0001001101011110: 8 44 43 153
0001001101011110: 8 44 43 144
0001001101011110: 8 44 43 138
0001001101011110: 8 44 43 99
0001001101011110: 8 44 43 89
0001001101011110: 8 44 43 70
0001001101011110: 8 44 43 62
0001001101011110: 8 44 43 61
0001001101011110: 8 43 153 26
0001001101011110: 8 43 144 26
0001001101011110: 8 43 138 26
0001001101011110: 8 43 99 26
0001001101011110: 8 43 89 26
0001001101011110: 8 43 70 26
0001001101011110: 8 43 62 26
0001001101011110: 8 43 61 26
0001001101011110: 8 43 26 214
0001001101011110: 8 43 26 206
0001001101011110: 8 43 26 176
0001001101011110: 8 43 26 173
0001001101011110: 8 43 26 151
0001001101011110: 8 43 26 115
0001001101011110: 8 43 26 110
0001001101011110: 8 43 26 75
0001001101011110: 8 43 26 69
0001001101011110: 8 43 26 13
0001001101011110: 8 43 26 12
0001001101011110: 8 26 173 12
0001001101011110: 8 26 151 12
0001001101011110: 10 214 99 90
0001001101011110: 10 99 213 90
0001001101011110: 10 99 106 90
0001001101011110: 10 99 87 90
0001001101011110: 10 99 43 90
0001001101011110: 10 99 36 90
0001001101011110: 10 99 90 205
0001001101011110: 10 99 90 189
0001001101011110: 10 99 90 179
0001001101011110: 10 99 90 111
0001001101011110: 10 99 90 86
0001001101011110: 10 99 90 85
0001001101011110: 10 99 90 14
0001001101011110: 10 99 90 80
0001001101011110: 10 99 90 73
0001001101011110: 10 99 90 72
0001001101011110: 10 99 90 60
0001001101011110: 10 99 90 16
0001001101011110: 10 80 167 103
0001001101011110: 10 80 155 93
0001001101011110: 10 72 170 110
0001001101011110: 11 200 159 51
0001001101011110: 11 169 159 51
0001001101011110: 11 159 190 51
0001001101011110: 11 159 166 51
0001001101011110: 11 159 112 51
0001001101011110: 11 159 110 51
0001001101011110: 11 159 106 51
0001001101011110: 11 159 20 51
0001001101011110: 11 159 124 51
0001001101011110: 11 159 85 51
0001001101011110: 11 159 51 202
0001001101011110: 11 159 51 185
0001001101011110: 11 159 51 115
0001001101011110: 11 159 51 80
0001001101011110: 11 159 51 63
0001001101011110: 11 159 51 18
0001001101011110: 11 159 51 45
0001001101011110: 11 85 212 34
0001001101011110: 11 51 202 115
0001001101011110: 11 45 94 48
0001001101011110: 12 173 199 117
0001001101011110: 12 173 199 26
0001001101011110: 12 173 147 117
0001001101011110: 12 173 147 26
0001001101011110: 12 173 143 117
0001001101011110: 12 173 143 26
0001001101011110: 12 173 74 117
0001001101011110: 12 173 74 26
0001001101011110: 12 173 151 117
0001001101011110: 12 173 151 104
0001001101011110: 12 173 126 117
0001001101011110: 12 173 126 26
0001001101011110: 12 173 117 184
0001001101011110: 12 173 117 154
0001001101011110: 12 173 117 119
0001001101011110: 12 173 117 61
0001001101011110: 12 173 117 104
0001001101011110: 12 173 117 97
0001001101011110: 12 173 117 46
0001001101011110: 12 173 104 26
0001001101011110: 12 173 97 26
0001001101011110: 12 173 46 26
0001001101011110: 12 173 26 214
0001001101011110: 12 173 26 206
0001001101011110: 12 173 26 176
0001001101011110: 12 173 26 115
0001001101011110: 12 173 26 110
0001001101011110: 12 173 26 75
0001001101011110: 12 173 26 69
0001001101011110: 12 173 26 43
0001001101011110: 12 173 26 13
0001001101011110: 12 151 207 104
0001001101011110: 12 151 207 26
0001001101011110: 12 151 203 84
0001001101011110: 12 151 203 104
0001001101011110: 12 151 203 26
0001001101011110: 12 151 84 104
0001001101011110: 12 151 84 26
0001001101011110: 12 151 36 104
0001001101011110: 12 151 36 26
0001001101011110: 12 151 20 104
0001001101011110: 12 151 20 26
0001001101011110: 12 151 126 104
0001001101011110: 12 151 126 26
0001001101011110: 12 151 117 104
0001001101011110: 12 151 117 26
0001001101011110: 12 151 104 215
0001001101011110: 12 151 104 204
0001001101011110: 12 151 104 133
0001001101011110: 12 151 104 100
0001001101011110: 12 151 104 94
0001001101011110: 12 151 104 55
0001001101011110: 12 151 104 49
0001001101011110: 12 151 104 19
0001001101011110: 12 151 104 97
0001001101011110: 12 151 104 46
0001001101011110: 12 151 97 26
0001001101011110: 12 151 46 26
0001001101011110: 12 151 26 214
0001001101011110: 12 151 26 206
0001001101011110: 12 151 26 176
0001001101011110: 12 151 26 115
0001001101011110: 12 151 26 110
0001001101011110: 12 151 26 75
0001001101011110: 12 151 26 69
0001001101011110: 12 151 26 43
0001001101011110: 12 151 26 13
0001001101011110: 12 117 184 119
0001001101011110: 12 104 100 55
0001001101011110: 13 207 205 27
0001001101011110: 13 207 151 27
0001001101011110: 13 207 95 27
0001001101011110: 13 207 15 27
0001001101011110: 13 207 192 70
0001001101011110: 13 207 192 27
0001001101011110: 13 207 146 27
0001001101011110: 13 207 103 54
0001001101011110: 13 207 103 27
0001001101011110: 13 207 70 27
0001001101011110: 13 207 54 27
0001001101011110: 13 207 52 27
0001001101011110: 13 207 40 27
0001001101011110: 13 207 27 179
0001001101011110: 13 207 27 177
0001001101011110: 13 207 27 167
0001001101011110: 13 207 27 44
0001001101011110: 13 207 27 19
0001001101011110: 13 207 27 26
0001001101011110: 13 192 198 70
0001001101011110: 13 192 182 70
0001001101011110: 13 192 153 86
0001001101011110: 13 192 153 70
0001001101011110: 13 192 136 70
0001001101011110: 13 192 124 70
0001001101011110: 13 192 86 70
0001001101011110: 13 192 62 70
0001001101011110: 13 192 146 70
0001001101011110: 13 192 103 70
0001001101011110: 13 192 103 54
0001001101011110: 13 192 70 186
0001001101011110: 13 192 70 170
0001001101011110: 13 192 70 125
0001001101011110: 13 192 70 116
0001001101011110: 13 192 70 114
0001001101011110: 13 192 70 108
0001001101011110: 13 192 70 87
0001001101011110: 13 192 70 74
0001001101011110: 13 192 70 71
0001001101011110: 13 192 70 68
0001001101011110: 13 192 70 43
0001001101011110: 13 192 70 21
0001001101011110: 13 192 70 54
0001001101011110: 13 192 70 52
0001001101011110: 13 192 70 40
0001001101011110: 13 192 70 27
0001001101011110: 13 192 70 26
0001001101011110: 13 146 194 147
0001001101011110: 13 146 103 54
0001001101011110: 13 103 210 79
0001001101011110: 13 103 210 54
0001001101011110: 13 103 167 80
0001001101011110: 13 103 167 54
0001001101011110: 13 103 164 54
0001001101011110: 13 103 139 54
0001001101011110: 13 103 110 54
0001001101011110: 13 103 80 54
0001001101011110: 13 103 79 54
0001001101011110: 13 103 63 54
0001001101011110: 13 103 44 54
0001001101011110: 13 103 70 54
0001001101011110: 13 103 54 206
0001001101011110: 13 103 54 201
0001001101011110: 13 103 54 180
0001001101011110: 13 103 54 171
0001001101011110: 13 103 54 127
0001001101011110: 13 103 54 92
0001001101011110: 13 103 54 52
0001001101011110: 13 103 54 40
0001001101011110: 13 103 54 27
0001001101011110: 13 103 54 26
0001001101011110: 13 52 181 167
0001001101011110: 13 52 167 115
0001001101011110: 13 27 177 19
0001001101011110: 13 27 145 44
0001001101011110: 14 153 192 86
0001001101011110: 14 128 140 119
0001001101011110: 14 90 156 99
0001001101011110: 14 83 190 147
0001001101011110: 14 83 147 23
0001001101011110: 14 72 170 110
0001001101011110: 15 207 145 27
0001001101011110: 15 85 212 34
0001001101011110: 15 42 167 134
0001001101011110: 17 177 27 19
0001001101011110: 17 77 82 50
0001001101011110: 18 203 151 84
0001001101011110: 18 53 181 96
0001001101011110: 18 53 152 96
0001001101011110: 18 52 181 167
0001001101011110: 18 52 167 115
0001001101011110: 18 51 202 115
0001001101011110: 19 186 177 27
0001001101011110: 19 177 204 27
0001001101011110: 19 177 193 27
0001001101011110: 19 177 109 27
0001001101011110: 19 177 81 27
0001001101011110: 19 177 71 27
0001001101011110: 19 177 64 27
0001001101011110: 19 177 164 27
0001001101011110: 19 177 114 27
0001001101011110: 19 177 104 27
0001001101011110: 19 177 86 27
0001001101011110: 19 177 78 27
0001001101011110: 19 177 27 207
0001001101011110: 19 177 27 179
0001001101011110: 19 177 27 167
0001001101011110: 19 177 27 145
0001001101011110: 19 177 27 44
0001001101011110: 19 104 100 55
0001001101011110: 19 86 192 153
0001001101011110: 19 86 139 24
0001001101011110: 19 27 207 145
0001001101011110: 19 27 145 44
0001001101011110: 20 151 203 84
0001001101011110: 21 190 161 75
0001001101011110: 21 190 147 83
0001001101011110: 21 190 183 132
0001001101011110: 21 183 201 132
0001001101011110: 21 183 188 132
0001001101011110: 21 183 168 132
0001001101011110: 21 183 166 132
0001001101011110: 21 183 97 132
0001001101011110: 21 183 59 132
0001001101011110: 21 183 181 132
0001001101011110: 21 183 163 132
0001001101011110: 21 183 132 204
0001001101011110: 21 183 132 129
0001001101011110: 21 183 132 115
0001001101011110: 21 183 132 101
0001001101011110: 21 183 132 91
0001001101011110: 21 183 132 70
0001001101011110: 21 183 132 31
0001001101011110: 21 181 167 52
0001001101011110: 21 181 96 53
0001001101011110: 22 176 150 94
0001001101011110: 22 150 213 94
0001001101011110: 22 150 209 94
0001001101011110: 22 150 196 94
0001001101011110: 22 150 164 94
0001001101011110: 22 150 100 94
0001001101011110: 22 150 94 174
0001001101011110: 22 150 94 172
0001001101011110: 22 150 94 119
0001001101011110: 22 150 94 104
0001001101011110: 22 150 94 98
0001001101011110: 22 150 94 48
0001001101011110: 22 150 94 45
0001001101011110: 22 150 94 31
0001001101011110: 22 150 94 76
0001001101011110: 22 150 94 24
0001001101011110: 22 94 48 45
0001001101011110: 22 76 178 101
0001001101011110: 22 24 139 86
0001001101011110: 22 24 139 62
0001001101011110: 23 184 204 92
0001001101011110: 23 184 204 81
0001001101011110: 23 184 189 81
0001001101011110: 23 184 182 81
0001001101011110: 23 184 123 81
0001001101011110: 23 184 121 81
0001001101011110: 23 184 119 117
0001001101011110: 23 184 119 81
0001001101011110: 23 184 117 81
0001001101011110: 23 184 24 81
0001001101011110: 23 184 157 81
0001001101011110: 23 184 147 83
0001001101011110: 23 184 147 81
0001001101011110: 23 184 130 81
0001001101011110: 23 184 127 81
0001001101011110: 23 184 83 81
0001001101011110: 23 184 81 177
0001001101011110: 23 184 81 169
0001001101011110: 23 184 81 164
0001001101011110: 23 184 81 133
0001001101011110: 23 184 81 114
0001001101011110: 23 184 81 107
0001001101011110: 23 184 81 95
0001001101011110: 23 157 147 83
0001001101011110: 23 147 194 146
0001001101011110: 23 147 194 83
0001001101011110: 23 147 176 83
0001001101011110: 23 147 173 83
0001001101011110: 23 147 160 83
0001001101011110: 23 147 146 83
0001001101011110: 23 147 142 83
0001001101011110: 23 147 108 83
0001001101011110: 23 147 50 83
0001001101011110: 23 147 130 83
0001001101011110: 23 147 127 83
0001001101011110: 23 147 83 211
0001001101011110: 23 147 83 188
0001001101011110: 23 147 83 81
0001001101011110: 24 198 139 86
0001001101011110: 24 198 139 62
0001001101011110: 24 184 204 92
0001001101011110: 24 184 119 117
0001001101011110: 24 184 92 81
0001001101011110: 24 184 139 86
0001001101011110: 24 184 139 62
0001001101011110: 24 148 139 86
0001001101011110: 24 148 139 62
0001001101011110: 24 139 190 86
0001001101011110: 24 139 190 62
0001001101011110: 24 139 186 86
0001001101011110: 24 139 186 62
0001001101011110: 24 139 118 86
0001001101011110: 24 139 118 62
0001001101011110: 24 139 114 86
0001001101011110: 24 139 114 62
0001001101011110: 24 139 103 86
0001001101011110: 24 139 103 62
0001001101011110: 24 139 86 211
0001001101011110: 24 139 86 192
0001001101011110: 24 139 86 187
0001001101011110: 24 139 86 167
0001001101011110: 24 139 86 157
0001001101011110: 24 139 86 153
0001001101011110: 24 139 86 90
0001001101011110: 24 139 86 38
0001001101011110: 24 139 62 192
0001001101011110: 24 139 62 125
0001001101011110: 24 139 62 110
0001001101011110: 24 139 62 64
0001001101011110: 24 139 62 59
0001001101011110: 24 139 62 43
0001001101011110: 24 139 62 38
0001001101011110: 24 86 192 153
0001001101011110: 25 188 193 102
0001001101011110: 26 151 203 84
0001001101011110: 26 115 202 51
0001001101011110: 26 115 167 52
0001001101011110: 26 110 170 72
0001001101011110: 26 75 190 161
0001001101011110: 27 207 205 145
0001001101011110: 27 207 151 145
0001001101011110: 27 207 95 145
0001001101011110: 27 207 179 145
0001001101011110: 27 207 177 145
0001001101011110: 27 207 167 145
0001001101011110: 27 207 145 174
0001001101011110: 27 207 145 160
0001001101011110: 27 207 145 55
0001001101011110: 27 179 145 44
0001001101011110: 27 177 145 44
0001001101011110: 27 167 181 52
0001001101011110: 27 167 134 42
0001001101011110: 27 167 115 52
0001001101011110: 27 167 103 80
0001001101011110: 27 167 145 44
0001001101011110: 27 145 174 44
0001001101011110: 27 145 160 44
0001001101011110: 27 145 55 44
0001001101011110: 27 145 44 205
0001001101011110: 27 145 44 103
0001001101011110: 27 145 44 88
0001001101011110: 27 145 44 74
0001001101011110: 27 145 44 43
0001001101011110: 27 145 44 32
0001001101011110: 28 64 156 37
0001001101011110: 28 45 94 48
0001001101011110: 29 156 99 90
0001001101011110: 29 156 64 37
0001001101011110: 30 50 82 77
0001001101011110: 31 94 48 45
0001001101011110: 33 155 93 80
0001001101011110: 34 212 201 85
0001001101011110: 34 212 169 85
0001001101011110: 34 212 167 85
0001001101011110: 34 212 157 85
0001001101011110: 34 212 129 85
0001001101011110: 34 212 82 85
0001001101011110: 34 212 71 85
0001001101011110: 34 212 186 85
0001001101011110: 34 212 144 85
0001001101011110: 34 212 105 85
0001001101011110: 34 212 85 213
0001001101011110: 34 212 85 185
0001001101011110: 34 212 85 112
0001001101011110: 34 212 85 90
0001001101011110: 34 212 85 88
0001001101011110: 36 151 203 84
0001001101011110: 36 146 194 147
0001001101011110: 36 99 156 90
0001001101011110: 36 50 82 77
0001001101011110: 36 42 167 134
0001001101011110: 37 188 193 102
0001001101011110: 37 188 156 64
0001001101011110: 37 179 156 64
0001001101011110: 37 156 120 64
0001001101011110: 37 156 99 90
0001001101011110: 37 156 99 64
0001001101011110: 37 156 90 64
0001001101011110: 37 156 64 187
0001001101011110: 37 156 64 177
0001001101011110: 37 156 64 114
0001001101011110: 37 156 64 102
0001001101011110: 37 156 64 74
0001001101011110: 37 156 64 62
0001001101011110: 37 156 64 42
0001001101011110: 38 161 190 75
0001001101011110: 38 140 201 116
0001001101011110: 38 140 128 119
0001001101011110: 38 102 201 39
0001001101011110: 38 102 193 188
0001001101011110: 38 100 104 55
0001001101011110: 39 201 212 102
0001001101011110: 39 201 208 102
0001001101011110: 39 201 183 102
0001001101011110: 39 201 175 102
0001001101011110: 39 201 140 116
0001001101011110: 39 201 140 102
0001001101011110: 39 201 116 102
0001001101011110: 39 201 109 102
0001001101011110: 39 201 84 102
0001001101011110: 39 201 80 102
0001001101011110: 39 201 54 102
0001001101011110: 39 201 40 102
0001001101011110: 39 201 161 102
0001001101011110: 39 201 102 210
0001001101011110: 39 201 102 193
0001001101011110: 39 201 102 188
0001001101011110: 39 201 102 157
0001001101011110: 39 201 102 119
0001001101011110: 39 201 102 106
0001001101011110: 39 201 102 101
0001001101011110: 39 201 102 71
0001001101011110: 39 201 102 64
0001001101011110: 39 201 102 56
0001001101011110: 39 201 102 42
0001001101011110: 39 161 190 75
0001001101011110: 39 102 193 188
0001001101011110: 39 42 167 134
0001001101011110: 40 201 140 116
0001001101011110: 40 152 96 53
0001001101011110: 40 79 210 103
0001001101011110: 42 167 212 134
0001001101011110: 42 167 181 52
0001001101011110: 42 167 181 134
0001001101011110: 42 167 115 52
0001001101011110: 42 167 115 134
0001001101011110: 42 167 103 80
0001001101011110: 42 167 103 134
0001001101011110: 42 167 86 134
0001001101011110: 42 167 80 134
0001001101011110: 42 167 52 134
0001001101011110: 42 167 48 134
0001001101011110: 42 167 158 134
0001001101011110: 42 167 157 134
0001001101011110: 42 167 134 125
0001001101011110: 42 167 134 73
0001001101011110: 42 167 134 64
0001001101011110: 43 153 192 86
0001001101011110: 43 99 156 90
0001001101011110: 44 103 210 79
0001001101011110: 44 103 172 54
0001001101011110: 44 103 167 80
0001001101011110: 45 199 94 48
0001001101011110: 45 186 94 48
0001001101011110: 45 182 94 48
0001001101011110: 45 94 174 48
0001001101011110: 45 94 172 48
0001001101011110: 45 94 150 48
0001001101011110: 45 94 119 48
0001001101011110: 45 94 104 48
0001001101011110: 45 94 98 48
0001001101011110: 45 94 92 48
0001001101011110: 45 94 82 48
0001001101011110: 45 94 48 167
0001001101011110: 45 94 48 110
0001001101011110: 45 94 48 59
0001001101011110: 45 92 204 184
0001001101011110: 45 92 184 81
0001001101011110: 45 82 77 50
0001001101011110: 46 193 188 102
0001001101011110: 46 101 178 76
0001001101011110: 47 146 194 147
0001001101011110: 47 75 190 161
0001001101011110: 47 52 181 167
0001001101011110: 47 52 167 115
0001001101011110: 48 167 181 52
0001001101011110: 48 167 115 52
0001001101011110: 48 167 103 80
0001001101011110: 48 110 170 72
0001001101011110: 49 104 100 55
0001001101011110: 49 79 210 103
0001001101011110: 50 147 194 146
0001001101011110: 50 147 190 83
0001001101011110: 50 147 82 77
0001001101011110: 50 107 82 77
0001001101011110: 50 82 212 77
0001001101011110: 50 82 187 77
0001001101011110: 50 82 119 77
0001001101011110: 50 82 77 211
0001001101011110: 50 82 77 172
0001001101011110: 51 202 193 115
0001001101011110: 51 202 68 115
0001001101011110: 51 202 59 115
0001001101011110: 51 202 185 115
0001001101011110: 51 202 159 115
0001001101011110: 51 202 115 167
0001001101011110: 51 202 115 132
0001001101011110: 51 202 115 126
0001001101011110: 51 202 115 108
0001001101011110: 51 202 115 52
0001001101011110: 51 202 115 80
0001001101011110: 51 202 115 63
0001001101011110: 51 115 167 52
0001001101011110: 51 80 167 103
0001001101011110: 51 80 155 93
0001001101011110: 52 214 181 167
0001001101011110: 52 214 167 115
0001001101011110: 52 198 181 167
0001001101011110: 52 198 167 115
0001001101011110: 52 181 130 167
0001001101011110: 52 181 96 53
0001001101011110: 52 181 96 167
0001001101011110: 52 181 55 167
0001001101011110: 52 181 53 167
0001001101011110: 52 181 167 212
0001001101011110: 52 181 167 134
0001001101011110: 52 181 167 103
0001001101011110: 52 181 167 86
0001001101011110: 52 181 167 80
0001001101011110: 52 181 167 125
0001001101011110: 52 181 167 76
0001001101011110: 52 167 212 115
0001001101011110: 52 167 134 115
0001001101011110: 52 167 103 80
0001001101011110: 52 167 103 115
0001001101011110: 52 167 86 115
0001001101011110: 52 167 80 115
0001001101011110: 52 167 125 115
0001001101011110: 52 167 115 202
0001001101011110: 52 167 115 132
0001001101011110: 52 167 115 126
0001001101011110: 52 167 115 108
0001001101011110: 52 167 115 76
0001001101011110: 52 76 178 101
0001001101011110: 53 210 103 79
0001001101011110: 53 210 181 96
0001001101011110: 53 210 152 96
0001001101011110: 53 197 181 96
0001001101011110: 53 197 152 96
0001001101011110: 53 195 181 96
0001001101011110: 53 195 152 96
0001001101011110: 53 181 167 96
0001001101011110: 53 181 130 96
0001001101011110: 53 181 55 96
0001001101011110: 53 181 158 96
0001001101011110: 53 181 146 96
0001001101011110: 53 181 116 96
0001001101011110: 53 181 96 123
0001001101011110: 53 181 96 106
0001001101011110: 53 181 96 100
0001001101011110: 53 181 96 76
0001001101011110: 53 158 152 96
0001001101011110: 53 152 180 96
0001001101011110: 53 152 179 96
0001001101011110: 53 152 154 96
0001001101011110: 53 152 129 96
0001001101011110: 53 152 146 96
0001001101011110: 53 152 116 96
0001001101011110: 53 152 96 123
0001001101011110: 53 152 96 106
0001001101011110: 53 152 96 100
0001001101011110: 53 152 96 76
0001001101011110: 53 146 194 147
0001001101011110: 53 116 201 140
0001001101011110: 54 206 172 103
0001001101011110: 54 201 140 116
0001001101011110: 54 201 172 103
0001001101011110: 54 180 172 103
0001001101011110: 54 172 209 103
0001001101011110: 54 172 128 103
0001001101011110: 54 172 94 103
0001001101011110: 54 172 88 103
0001001101011110: 54 172 77 103
0001001101011110: 54 172 171 103
0001001101011110: 54 172 127 103
0001001101011110: 54 172 103 210
0001001101011110: 54 172 103 167
0001001101011110: 54 172 103 164
0001001101011110: 54 172 103 139
0001001101011110: 54 172 103 110
0001001101011110: 54 172 103 80
0001001101011110: 54 172 103 79
0001001101011110: 54 172 103 63
0001001101011110: 54 172 103 92
0001001101011110: 54 103 210 79
0001001101011110: 54 103 167 80
0001001101011110: 54 92 204 184
0001001101011110: 54 92 184 81
0001001101011110: 55 181 104 100
0001001101011110: 55 176 104 100
0001001101011110: 55 145 104 100
0001001101011110: 55 104 215 100
0001001101011110: 55 104 204 100
0001001101011110: 55 104 151 100
0001001101011110: 55 104 133 100
0001001101011110: 55 104 94 100
0001001101011110: 55 104 100 155
0001001101011110: 55 104 100 150
0001001101011110: 55 104 100 96
0001001101011110: 55 104 100 95
0001001101011110: 55 104 100 87
0001001101011110: 56 153 192 86
0001001101011110: 56 102 193 188
0001001101011110: 56 72 170 110
0001001101011110: 57 170 110 72
0001001101011110: 57 116 201 140
0001001101011110: 58 203 151 84
0001001101011110: 59 204 184 92
0001001101011110: 59 80 167 103
0001001101011110: 59 80 155 93
0001001101011110: 60 204 184 92
0001001101011110: 60 76 178 101
0001001101011110: 61 204 184 92
0001001101011110: 61 117 184 119
0001001101011110: 61 72 170 110
0001001101011110: 62 192 153 86
0001001101011110: 62 110 170 72
0001001101011110: 63 103 210 79
0001001101011110: 63 103 167 80
0001001101011110: 64 156 99 90
0001001101011110: 64 102 193 188
0001001101011110: 69 79 210 103
0001001101011110: 70 192 153 86
0001001101011110: 70 170 110 72
0001001101011110: 70 116 201 140
0001001101011110: 71 102 193 188
0001001101011110: 72 170 166 110
0001001101011110: 72 170 161 110
0001001101011110: 72 170 98 110
0001001101011110: 72 170 110 159
0001001101011110: 72 170 110 148
0001001101011110: 72 170 110 103
0001001101011110: 72 170 110 78
0001001101011110: 75 190 195 161
0001001101011110: 75 190 165 161
0001001101011110: 75 190 159 161
0001001101011110: 75 190 147 83
0001001101011110: 75 190 147 161
0001001101011110: 75 190 139 161
0001001101011110: 75 190 83 161
0001001101011110: 75 190 188 161
0001001101011110: 75 190 187 161
0001001101011110: 75 190 171 161
0001001101011110: 75 190 163 161
0001001101011110: 75 190 161 204
0001001101011110: 75 190 161 170
0001001101011110: 75 190 161 168
0001001101011110: 75 190 161 128
0001001101011110: 75 190 161 118
0001001101011110: 75 190 161 108
0001001101011110: 75 190 161 95
0001001101011110: 75 188 193 102
0001001101011110: 75 128 140 119
0001001101011110: 76 195 178 101
0001001101011110: 76 178 166 101
0001001101011110: 76 178 129 101
0001001101011110: 76 178 106 101
0001001101011110: 76 178 164 101
0001001101011110: 76 178 118 101
0001001101011110: 76 178 101 132
0001001101011110: 76 178 101 126
0001001101011110: 76 178 101 113
0001001101011110: 76 178 101 107
0001001101011110: 76 178 101 102
0001001101011110: 76 178 101 96
0001001101011110: 79 210 213 103
0001001101011110: 79 210 186 103
0001001101011110: 79 210 102 103
0001001101011110: 79 210 188 103
0001001101011110: 79 210 182 103
0001001101011110: 79 210 149 103
0001001101011110: 79 210 111 103
0001001101011110: 79 210 103 172
0001001101011110: 79 210 103 167
0001001101011110: 79 210 103 164
0001001101011110: 79 210 103 139
0001001101011110: 79 210 103 110
0001001101011110: 79 210 103 80
0001001101011110: 79 188 193 102
0001001101011110: 79 103 167 80
0001001101011110: 80 201 140 116
0001001101011110: 80 201 167 103
0001001101011110: 80 201 155 93
0001001101011110: 80 167 212 103
0001001101011110: 80 167 181 103
0001001101011110: 80 167 134 103
0001001101011110: 80 167 115 103
0001001101011110: 80 167 86 103
0001001101011110: 80 167 160 103
0001001101011110: 80 167 155 103
0001001101011110: 80 167 155 93
0001001101011110: 80 167 113 103
0001001101011110: 80 167 103 210
0001001101011110: 80 167 103 172
0001001101011110: 80 167 103 164
0001001101011110: 80 167 103 139
0001001101011110: 80 167 103 110
0001001101011110: 80 167 103 93
0001001101011110: 80 160 155 93
0001001101011110: 80 155 153 93
0001001101011110: 80 155 131 93
0001001101011110: 80 155 100 93
0001001101011110: 80 155 113 93
0001001101011110: 80 155 103 93
0001001101011110: 81 184 189 92
0001001101011110: 81 184 182 92
0001001101011110: 81 184 123 92
0001001101011110: 81 184 121 92
0001001101011110: 81 184 119 117
0001001101011110: 81 184 119 92
0001001101011110: 81 184 117 92
0001001101011110: 81 184 177 92
0001001101011110: 81 184 169 92
0001001101011110: 81 184 164 92
0001001101011110: 81 184 133 92
0001001101011110: 81 184 114 92
0001001101011110: 81 184 107 92
0001001101011110: 81 184 95 92
0001001101011110: 81 184 92 162
0001001101011110: 81 184 92 138
0001001101011110: 81 184 92 136
0001001101011110: 81 184 92 122
0001001101011110: 81 184 92 109
0001001101011110: 82 119 184 117
0001001101011110: 82 119 140 128
0001001101011110: 83 211 190 147
0001001101011110: 83 190 195 147
0001001101011110: 83 190 165 147
0001001101011110: 83 190 161 147
0001001101011110: 83 190 159 147
0001001101011110: 83 190 139 147
0001001101011110: 83 190 188 147
0001001101011110: 83 190 147 194
0001001101011110: 83 190 147 176
0001001101011110: 83 190 147 173
0001001101011110: 83 190 147 160
0001001101011110: 83 190 147 146
0001001101011110: 83 190 147 142
0001001101011110: 83 190 147 108
0001001101011110: 83 188 193 102
0001001101011110: 83 147 194 146
0001001101011110: 84 203 213 151
0001001101011110: 84 203 174 151
0001001101011110: 84 203 164 151
0001001101011110: 84 203 149 151
0001001101011110: 84 203 123 151
0001001101011110: 84 203 106 151
0001001101011110: 84 203 201 151
0001001101011110: 84 203 162 151
0001001101011110: 84 203 151 207
0001001101011110: 84 203 151 104
0001001101011110: 84 203 151 119
0001001101011110: 84 201 140 116
0001001101011110: 84 119 184 117
0001001101011110: 84 119 140 128
0001001101011110: 85 90 156 99
0001001101011110: 86 211 192 153
0001001101011110: 86 192 198 153
0001001101011110: 86 192 182 153
0001001101011110: 86 192 136 153
0001001101011110: 86 192 124 153
0001001101011110: 86 192 187 153
0001001101011110: 86 192 167 153
0001001101011110: 86 192 157 153
0001001101011110: 86 192 153 204
0001001101011110: 86 192 153 155
0001001101011110: 86 192 153 135
0001001101011110: 86 192 153 139
0001001101011110: 86 192 153 90
0001001101011110: 86 90 156 99
0001001101011110: 87 119 184 117
0001001101011110: 87 119 140 128
0001001101011110: 87 99 156 90
0001001101011110: 90 205 156 99
0001001101011110: 90 189 156 99
0001001101011110: 90 179 156 99
0001001101011110: 90 156 120 99
0001001101011110: 90 156 111 99
0001001101011110: 90 156 99 213
0001001101011110: 90 156 99 106
0001001101011110: 92 204 177 184
0001001101011110: 92 204 161 184
0001001101011110: 92 204 153 184
0001001101011110: 92 204 132 184
0001001101011110: 92 204 108 184
0001001101011110: 92 204 104 184
0001001101011110: 92 204 184 189
0001001101011110: 92 204 184 182
0001001101011110: 92 204 184 123
0001001101011110: 92 204 184 121
0001001101011110: 92 204 184 119
0001001101011110: 92 204 184 117
0001001101011110: 92 204 184 162
0001001101011110: 92 204 184 138
0001001101011110: 92 204 184 136
0001001101011110: 92 204 184 122
0001001101011110: 92 204 184 109
0001001101011110: 92 184 119 117
0001001101011110: 94 119 184 117
0001001101011110: 94 119 140 128
0001001101011110: 101 102 193 188
0001001101011110: 102 210 193 188
0001001101011110: 102 201 140 116
0001001101011110: 102 201 193 188
0001001101011110: 102 193 202 188
0001001101011110: 102 193 185 188
0001001101011110: 102 193 177 188
0001001101011110: 102 193 188 183
0001001101011110: 102 193 188 175
0001001101011110: 102 193 188 162
0001001101011110: 102 193 188 157
0001001101011110: 102 193 188 119
0001001101011110: 102 193 188 106
0001001101011110: 102 119 184 117
0001001101011110: 102 119 140 128
0001001101011110: 108 147 194 146
0001001101011110: 109 201 140 116
0001001101011110: 116 201 212 140
0001001101011110: 116 201 208 140
0001001101011110: 116 201 183 140
0001001101011110: 116 201 175 140
0001001101011110: 116 201 199 140
0001001101011110: 116 201 142 140
0001001101011110: 116 201 140 211
0001001101011110: 116 201 140 200
0001001101011110: 116 201 140 160
0001001101011110: 116 201 140 128
0001001101011110: 116 201 140 119
0001001101011110: 116 140 128 119
0001001101011110: 117 184 204 119
0001001101011110: 117 184 189 119
0001001101011110: 117 184 182 119
0001001101011110: 117 184 123 119
0001001101011110: 117 184 121 119
0001001101011110: 117 184 173 119
0001001101011110: 117 184 154 119
0001001101011110: 117 184 119 213
0001001101011110: 117 184 119 140
0001001101011110: 117 184 119 128
0001001101011110: 117 119 140 128
0001001101011110: 119 213 140 128
0001001101011110: 119 184 140 128
0001001101011110: 119 140 211 128
0001001101011110: 119 140 201 128
0001001101011110: 119 140 200 128
0001001101011110: 119 140 160 128
0001001101011110: 119 140 128 172
0001001101011110: 119 140 128 168
0001001101011110: 119 140 128 125
0001001101011110: 142 147 194 146
0001001101011110: 146 194 199 147
0001001101011110: 146 194 147 190
0001001101011110: 146 194 147 176
0001001101011110: 146 194 147 173
0001001101011110: 146 194 147 160
