0001001101011110: 1 89 25 18
0001001101011110: 1 89 55 40
0001001101011110: 1 86 55 40
0001001101011110: 1 63 55 40
0001001101011110: 1 55 97 40
0001001101011110: 1 55 78 40
0001001101011110: 1 55 47 40
0001001101011110: 1 55 40 92
0001001101011110: 1 55 40 87
0001001101011110: 1 55 40 34
0001001101011110: 1 55 40 13
0001001101011110: 2 21 67 6
0001001101011110: 3 99 62 35
0001001101011110: 3 99 55 40
0001001101011110: 3 89 25 18
0001001101011110: 3 89 62 35
0001001101011110: 3 89 55 40
0001001101011110: 3 83 62 35
0001001101011110: 3 83 55 40
0001001101011110: 3 62 96 47
0001001101011110: 3 62 96 35
0001001101011110: 3 62 64 35
0001001101011110: 3 62 47 35
0001001101011110: 3 62 37 35
0001001101011110: 3 62 7 35
0001001101011110: 3 62 55 40
0001001101011110: 3 62 55 35
0001001101011110: 3 62 40 35
0001001101011110: 3 62 38 35
0001001101011110: 3 62 35 94
0001001101011110: 3 62 35 65
0001001101011110: 3 62 35 60
0001001101011110: 3 62 35 51
0001001101011110: 3 62 35 27
0001001101011110: 3 62 35 16
0001001101011110: 3 62 35 30
0001001101011110: 3 55 97 40
0001001101011110: 3 55 78 40
0001001101011110: 3 55 47 40
0001001101011110: 3 55 40 92
0001001101011110: 3 55 40 87
0001001101011110: 3 55 40 34
0001001101011110: 3 55 40 13
0001001101011110: 3 55 40 38
0001001101011110: 3 55 40 35
0001001101011110: 3 55 40 30
0001001101011110: 3 35 100 94
0001001101011110: 4 75 50 22
0001001101011110: 4 53 94 92
0001001101011110: 4 53 94 70
0001001101011110: 4 17 87 72
0001001101011110: 4 17 24 7
0001001101011110: 5 94 100 35
0001001101011110: 5 94 92 53
0001001101011110: 5 94 70 53
0001001101011110: 5 94 64 54
0001001101011110: 5 67 21 6
0001001101011110: 5 67 64 54
0001001101011110: 5 65 64 54
0001001101011110: 5 64 87 54
0001001101011110: 5 64 80 54
0001001101011110: 5 64 62 54
0001001101011110: 5 64 50 54
0001001101011110: 5 64 59 54
0001001101011110: 5 64 54 81
0001001101011110: 5 64 54 51
0001001101011110: 5 64 54 12
0001001101011110: 5 64 54 27
0001001101011110: 6 91 67 21
0001001101011110: 6 90 67 21
0001001101011110: 6 80 67 21
0001001101011110: 6 72 87 17
0001001101011110: 6 72 67 21
0001001101011110: 6 67 92 21
0001001101011110: 6 67 33 21
0001001101011110: 6 67 32 21
0001001101011110: 6 67 63 21
0001001101011110: 6 67 47 21
0001001101011110: 6 67 24 21
0001001101011110: 6 67 21 95
0001001101011110: 6 67 21 85
0001001101011110: 6 67 21 57
0001001101011110: 6 67 21 25
0001001101011110: 6 47 96 62
0001001101011110: 6 24 17 7
0001001101011110: 7 92 94 53
0001001101011110: 7 92 24 17
0001001101011110: 7 71 24 17
0001001101011110: 7 62 100 35
0001001101011110: 7 62 96 47
0001001101011110: 7 62 24 17
0001001101011110: 7 24 46 17
0001001101011110: 7 24 17 89
0001001101011110: 7 24 17 87
0001001101011110: 7 24 17 80
0001001101011110: 7 24 17 72
0001001101011110: 7 24 17 44
0001001101011110: 7 17 87 72
0001001101011110: 9 11 73 61
0001001101011110: 10 94 100 35
0001001101011110: 10 94 92 53
0001001101011110: 10 94 70 53
0001001101011110: 11 81 73 61
0001001101011110: 11 73 95 61
0001001101011110: 11 73 80 61
0001001101011110: 11 73 79 61
0001001101011110: 11 73 71 61
0001001101011110: 11 73 13 61
0001001101011110: 11 73 61 86
0001001101011110: 11 73 61 37
0001001101011110: 12 53 94 92
0001001101011110: 12 53 94 70
0001001101011110: 12 25 89 18
0001001101011110: 13 66 34 23
0001001101011110: 13 40 77 55
0001001101011110: 13 22 75 50
0001001101011110: 15 34 66 23
0001001101011110: 16 35 100 94
0001001101011110: 16 35 100 62
0001001101011110: 17 89 25 18
0001001101011110: 17 89 87 72
0001001101011110: 17 87 83 72
0001001101011110: 17 87 64 72
0001001101011110: 17 87 57 72
0001001101011110: 17 87 56 72
0001001101011110: 17 87 41 72
0001001101011110: 17 87 40 72
0001001101011110: 17 87 80 72
0001001101011110: 17 87 72 44
0001001101011110: 17 87 72 24
0001001101011110: 18 89 100 25
0001001101011110: 18 89 32 25
0001001101011110: 18 89 78 25
0001001101011110: 18 89 76 25
0001001101011110: 18 89 25 84
0001001101011110: 18 89 25 63
0001001101011110: 18 89 25 21
0001001101011110: 19 22 75 50
0001001101011110: 20 75 50 22
0001001101011110: 22 75 63 50
0001001101011110: 22 75 50 64
0001001101011110: 22 75 50 45
0001001101011110: 23 83 66 34
0001001101011110: 23 66 77 34
0001001101011110: 23 66 58 34
0001001101011110: 23 66 34 88
0001001101011110: 23 66 34 40
0001001101011110: 26 47 96 62
0001001101011110: 27 35 100 94
0001001101011110: 27 35 100 62
0001001101011110: 29 70 94 53
0001001101011110: 30 96 62 47
0001001101011110: 30 92 94 53
0001001101011110: 33 94 100 35
0001001101011110: 33 94 92 53
0001001101011110: 33 94 70 53
0001001101011110: 34 40 77 55
0001001101011110: 35 100 89 94
0001001101011110: 35 100 89 62
0001001101011110: 35 100 69 94
0001001101011110: 35 100 69 62
0001001101011110: 35 100 59 94
0001001101011110: 35 100 59 62
0001001101011110: 35 100 94 92
0001001101011110: 35 100 94 70
0001001101011110: 35 100 94 53
0001001101011110: 35 100 94 65
0001001101011110: 35 100 94 60
0001001101011110: 35 100 94 51
0001001101011110: 35 100 65 62
0001001101011110: 35 100 62 96
0001001101011110: 35 100 62 64
0001001101011110: 35 100 62 47
0001001101011110: 35 100 62 37
0001001101011110: 35 100 62 60
0001001101011110: 35 100 62 51
0001001101011110: 35 94 92 53
0001001101011110: 35 94 70 53
0001001101011110: 35 62 96 47
0001001101011110: 36 53 94 92
0001001101011110: 36 53 94 70
0001001101011110: 37 62 96 47
0001001101011110: 40 92 94 53
0001001101011110: 40 92 77 55
0001001101011110: 40 87 77 55
0001001101011110: 40 77 99 55
0001001101011110: 40 77 88 55
0001001101011110: 40 77 66 55
0001001101011110: 40 77 53 55
0001001101011110: 40 77 55 97
0001001101011110: 40 77 55 78
0001001101011110: 40 77 55 47
0001001101011110: 43 53 94 92
0001001101011110: 43 53 94 70
0001001101011110: 47 96 48 62
0001001101011110: 47 96 86 62
0001001101011110: 47 96 62 100
0001001101011110: 47 96 62 64
0001001101011110: 47 96 62 55
0001001101011110: 53 94 100 92
0001001101011110: 53 94 100 70
0001001101011110: 53 94 92 93
0001001101011110: 53 94 92 74
0001001101011110: 53 94 92 67
0001001101011110: 53 94 92 59
0001001101011110: 53 94 92 83
0001001101011110: 53 94 92 77
0001001101011110: 53 94 92 56
0001001101011110: 53 94 83 70
0001001101011110: 53 94 77 70
0001001101011110: 53 94 70 56
