0001001101011110: 1 398 309 232
0001001101011110: 1 390 434 44
0001001101011110: 1 344 114 8
0001001101011110: 1 248 365 209
0001001101011110: 2 281 267 136
0001001101011110: 2 249 331 173
0001001101011110: 2 195 104 58
0001001101011110: 3 412 395 304
0001001101011110: 3 412 395 286
0001001101011110: 3 395 409 27
0001001101011110: 3 395 409 304
0001001101011110: 3 395 409 286
0001001101011110: 3 395 251 304
0001001101011110: 3 395 251 286
0001001101011110: 3 395 241 304
0001001101011110: 3 395 241 286
0001001101011110: 3 395 195 304
0001001101011110: 3 395 195 286
0001001101011110: 3 395 176 304
0001001101011110: 3 395 176 286
0001001101011110: 3 395 116 304
0001001101011110: 3 395 116 286
0001001101011110: 3 395 68 304
0001001101011110: 3 395 68 286
0001001101011110: 3 395 27 304
0001001101011110: 3 395 27 286
0001001101011110: 3 395 304 420
0001001101011110: 3 395 304 214
0001001101011110: 3 395 304 92
0001001101011110: 3 395 304 284
0001001101011110: 3 395 304 280
0001001101011110: 3 395 304 142
0001001101011110: 3 395 304 121
0001001101011110: 3 395 304 73
0001001101011110: 3 395 304 28
0001001101011110: 3 395 286 385
0001001101011110: 3 395 286 358
0001001101011110: 3 395 286 346
0001001101011110: 3 395 286 264
0001001101011110: 3 395 286 284
0001001101011110: 3 395 286 280
0001001101011110: 3 395 286 142
0001001101011110: 3 395 286 121
0001001101011110: 3 395 286 73
0001001101011110: 3 395 286 28
0001001101011110: 3 284 372 126
0001001101011110: 3 142 426 401
0001001101011110: 3 28 345 271
0001001101011110: 4 426 463 128
0001001101011110: 4 426 401 142
0001001101011110: 4 336 277 220
0001001101011110: 4 271 442 345
0001001101011110: 4 271 345 28
0001001101011110: 5 296 147 81
0001001101011110: 5 234 147 81
0001001101011110: 5 233 147 81
0001001101011110: 5 147 335 81
0001001101011110: 5 147 267 81
0001001101011110: 5 147 200 81
0001001101011110: 5 147 160 81
0001001101011110: 5 147 135 81
0001001101011110: 5 147 102 81
0001001101011110: 5 147 81 413
0001001101011110: 5 147 81 322
0001001101011110: 5 147 81 238
0001001101011110: 5 147 81 144
0001001101011110: 5 147 81 14
0001001101011110: 5 147 81 11
0001001101011110: 6 200 363 292
0001001101011110: 6 195 104 58
0001001101011110: 6 108 155 129
0001001101011110: 7 244 217 94
0001001101011110: 7 217 422 29
0001001101011110: 7 217 422 94
0001001101011110: 7 217 379 94
0001001101011110: 7 217 314 94
0001001101011110: 7 217 261 94
0001001101011110: 7 217 243 94
0001001101011110: 7 217 156 94
0001001101011110: 7 217 83 94
0001001101011110: 7 217 69 94
0001001101011110: 7 217 47 94
0001001101011110: 7 217 29 94
0001001101011110: 7 217 94 383
0001001101011110: 7 217 94 376
0001001101011110: 7 217 94 264
0001001101011110: 7 217 94 225
0001001101011110: 7 217 94 201
0001001101011110: 7 217 94 136
0001001101011110: 7 217 94 129
0001001101011110: 7 217 94 104
0001001101011110: 7 217 94 12
0001001101011110: 7 94 383 225
0001001101011110: 7 94 383 104
0001001101011110: 8 449 353 288
0001001101011110: 8 449 344 114
0001001101011110: 8 353 285 288
0001001101011110: 8 353 247 288
0001001101011110: 8 353 103 288
0001001101011110: 8 353 344 288
0001001101011110: 8 353 344 114
0001001101011110: 8 353 288 457
0001001101011110: 8 353 288 450
0001001101011110: 8 353 288 392
0001001101011110: 8 353 288 305
0001001101011110: 8 353 288 205
0001001101011110: 8 353 288 112
0001001101011110: 8 353 288 26
0001001101011110: 8 353 288 19
0001001101011110: 8 353 288 180
0001001101011110: 8 353 288 114
0001001101011110: 8 344 306 114
0001001101011110: 8 344 163 114
0001001101011110: 8 344 136 114
0001001101011110: 8 344 62 114
0001001101011110: 8 344 288 114
0001001101011110: 8 344 180 114
0001001101011110: 8 344 114 321
0001001101011110: 8 344 114 298
0001001101011110: 8 344 114 181
0001001101011110: 8 344 114 93
0001001101011110: 8 344 114 71
0001001101011110: 8 288 450 205
0001001101011110: 9 434 390 44
0001001101011110: 9 434 387 376
0001001101011110: 10 450 386 245
0001001101011110: 10 450 288 205
0001001101011110: 10 15 340 254
0001001101011110: 11 390 434 44
0001001101011110: 12 277 336 220
0001001101011110: 12 94 383 225
0001001101011110: 12 94 383 104
0001001101011110: 13 263 410 337
0001001101011110: 13 263 403 337
0001001101011110: 13 263 312 293
0001001101011110: 13 209 365 248
0001001101011110: 13 195 104 58
0001001101011110: 13 108 155 129
0001001101011110: 15 340 329 254
0001001101011110: 15 340 321 254
0001001101011110: 15 340 220 254
0001001101011110: 15 340 92 254
0001001101011110: 15 340 27 254
0001001101011110: 15 340 337 254
0001001101011110: 15 340 254 442
0001001101011110: 15 340 254 328
0001001101011110: 15 340 254 29
0001001101011110: 15 340 254 180
0001001101011110: 15 340 254 30
0001001101011110: 15 337 410 263
0001001101011110: 15 337 403 263
0001001101011110: 16 110 317 266
0001001101011110: 17 393 295 196
0001001101011110: 17 297 354 170
0001001101011110: 17 297 295 196
0001001101011110: 17 295 305 196
0001001101011110: 17 295 158 196
0001001101011110: 17 295 130 196
0001001101011110: 17 295 91 196
0001001101011110: 17 295 33 196
0001001101011110: 17 295 275 196
0001001101011110: 17 295 230 196
0001001101011110: 17 295 199 196
0001001101011110: 17 295 196 444
0001001101011110: 17 295 196 360
0001001101011110: 17 295 196 312
0001001101011110: 17 295 196 154
0001001101011110: 17 295 196 102
0001001101011110: 17 295 196 195
0001001101011110: 17 295 196 66
0001001101011110: 17 295 196 62
0001001101011110: 17 295 196 41
0001001101011110: 17 199 346 25
0001001101011110: 17 195 104 58
0001001101011110: 17 66 158 67
0001001101011110: 17 41 401 369
0001001101011110: 18 429 241 235
0001001101011110: 18 291 241 235
0001001101011110: 18 265 241 235
0001001101011110: 18 241 419 235
0001001101011110: 18 241 395 235
0001001101011110: 18 241 252 235
0001001101011110: 18 241 70 235
0001001101011110: 18 241 235 377
0001001101011110: 18 241 235 326
0001001101011110: 18 241 235 298
0001001101011110: 18 241 235 218
0001001101011110: 18 235 377 298
0001001101011110: 19 403 463 422
0001001101011110: 19 403 337 263
0001001101011110: 19 288 450 205
0001001101011110: 19 247 452 239
0001001101011110: 19 25 346 199
0001001101011110: 19 25 130 116
0001001101011110: 21 312 369 293
0001001101011110: 21 312 293 263
0001001101011110: 24 433 383 84
0001001101011110: 24 433 343 84
0001001101011110: 24 433 308 84
0001001101011110: 24 433 124 84
0001001101011110: 24 433 120 84
0001001101011110: 24 433 82 84
0001001101011110: 24 433 70 84
0001001101011110: 24 433 427 84
0001001101011110: 24 433 342 84
0001001101011110: 24 433 279 84
0001001101011110: 24 433 228 84
0001001101011110: 24 433 208 84
0001001101011110: 24 433 166 84
0001001101011110: 24 433 143 84
0001001101011110: 24 433 84 438
0001001101011110: 24 433 84 390
0001001101011110: 24 433 84 382
0001001101011110: 24 433 84 229
0001001101011110: 24 433 84 175
0001001101011110: 24 433 84 130
0001001101011110: 24 433 84 91
0001001101011110: 24 433 84 75
0001001101011110: 24 433 84 74
0001001101011110: 24 433 84 60
0001001101011110: 24 433 84 53
0001001101011110: 24 433 84 41
0001001101011110: 25 456 346 199
0001001101011110: 25 456 130 116
0001001101011110: 25 381 346 199
0001001101011110: 25 381 130 116
0001001101011110: 25 346 370 199
0001001101011110: 25 346 286 199
0001001101011110: 25 346 224 199
0001001101011110: 25 346 216 199
0001001101011110: 25 346 215 199
0001001101011110: 25 346 204 199
0001001101011110: 25 346 137 199
0001001101011110: 25 346 61 199
0001001101011110: 25 346 296 199
0001001101011110: 25 346 199 425
0001001101011110: 25 346 199 421
0001001101011110: 25 346 199 266
0001001101011110: 25 346 199 95
0001001101011110: 25 346 199 34
0001001101011110: 25 346 199 154
0001001101011110: 25 346 199 130
0001001101011110: 25 346 199 116
0001001101011110: 25 346 199 92
0001001101011110: 25 346 130 116
0001001101011110: 25 296 130 116
0001001101011110: 25 199 130 116
0001001101011110: 25 154 130 116
0001001101011110: 25 130 297 116
0001001101011110: 25 130 295 116
0001001101011110: 25 130 209 116
0001001101011110: 25 130 145 116
0001001101011110: 25 130 143 116
0001001101011110: 25 130 128 116
0001001101011110: 25 130 84 116
0001001101011110: 25 130 31 116
0001001101011110: 25 130 116 395
0001001101011110: 25 130 116 376
0001001101011110: 25 130 116 366
0001001101011110: 25 130 116 351
0001001101011110: 25 130 116 276
0001001101011110: 25 130 116 264
0001001101011110: 25 130 116 260
0001001101011110: 25 130 116 248
0001001101011110: 25 130 116 240
0001001101011110: 25 130 116 162
0001001101011110: 25 130 116 92
0001001101011110: 25 116 366 276
0001001101011110: 26 341 345 253
0001001101011110: 26 341 345 104
0001001101011110: 26 288 450 205
0001001101011110: 26 41 401 369
0001001101011110: 27 409 428 395
0001001101011110: 27 409 418 395
0001001101011110: 27 409 408 395
0001001101011110: 27 409 307 395
0001001101011110: 27 409 395 304
0001001101011110: 27 409 395 286
0001001101011110: 27 409 395 251
0001001101011110: 27 409 395 241
0001001101011110: 27 409 395 195
0001001101011110: 27 409 395 176
0001001101011110: 27 409 395 116
0001001101011110: 27 409 395 68
0001001101011110: 27 409 395 394
0001001101011110: 27 409 395 367
0001001101011110: 27 409 395 347
0001001101011110: 27 409 395 340
0001001101011110: 27 409 395 335
0001001101011110: 27 409 395 159
0001001101011110: 28 444 345 271
0001001101011110: 28 345 442 253
0001001101011110: 28 345 411 271
0001001101011110: 28 345 355 271
0001001101011110: 28 345 341 253
0001001101011110: 28 345 341 104
0001001101011110: 28 345 341 271
0001001101011110: 28 345 318 271
0001001101011110: 28 345 292 271
0001001101011110: 28 345 253 271
0001001101011110: 28 345 104 58
0001001101011110: 28 345 104 271
0001001101011110: 28 345 58 271
0001001101011110: 28 345 307 271
0001001101011110: 28 345 271 457
0001001101011110: 28 345 271 413
0001001101011110: 28 345 271 328
0001001101011110: 28 345 271 266
0001001101011110: 28 345 271 257
0001001101011110: 28 345 271 95
0001001101011110: 28 345 271 38
0001001101011110: 28 345 271 252
0001001101011110: 28 345 271 218
0001001101011110: 28 345 271 72
0001001101011110: 28 307 316 132
0001001101011110: 28 307 229 160
0001001101011110: 28 252 371 161
0001001101011110: 28 72 259 203
0001001101011110: 28 72 174 43
0001001101011110: 29 422 463 403
0001001101011110: 29 422 463 217
0001001101011110: 29 422 451 217
0001001101011110: 29 422 403 217
0001001101011110: 29 422 401 217
0001001101011110: 29 422 362 217
0001001101011110: 29 422 224 217
0001001101011110: 29 422 177 217
0001001101011110: 29 422 149 217
0001001101011110: 29 422 419 217
0001001101011110: 29 422 361 217
0001001101011110: 29 422 357 217
0001001101011110: 29 422 296 217
0001001101011110: 29 422 254 217
0001001101011110: 29 422 217 379
0001001101011110: 29 422 217 314
0001001101011110: 29 422 217 261
0001001101011110: 29 422 217 243
0001001101011110: 29 422 217 156
0001001101011110: 29 422 217 94
0001001101011110: 29 422 217 83
0001001101011110: 29 422 217 69
0001001101011110: 29 422 217 47
0001001101011110: 29 422 217 204
0001001101011110: 30 371 252 161
0001001101011110: 31 410 428 368
0001001101011110: 31 410 337 263
0001001101011110: 31 410 337 368
0001001101011110: 31 410 278 368
0001001101011110: 31 410 263 368
0001001101011110: 31 410 239 368
0001001101011110: 31 410 232 368
0001001101011110: 31 410 141 368
0001001101011110: 31 410 139 368
0001001101011110: 31 410 46 368
0001001101011110: 31 410 368 460
0001001101011110: 31 410 368 209
0001001101011110: 31 410 368 182
0001001101011110: 31 410 368 173
0001001101011110: 31 410 368 49
0001001101011110: 31 410 368 306
0001001101011110: 31 410 368 303
0001001101011110: 31 410 368 210
0001001101011110: 31 410 368 191
0001001101011110: 31 410 368 183
0001001101011110: 31 410 368 130
0001001101011110: 31 410 368 88
0001001101011110: 31 410 303 191
0001001101011110: 31 368 303 191
0001001101011110: 31 306 303 191
0001001101011110: 31 303 296 191
0001001101011110: 31 303 292 191
0001001101011110: 31 303 257 191
0001001101011110: 31 303 252 191
0001001101011110: 31 303 248 191
0001001101011110: 31 303 201 191
0001001101011110: 31 303 128 191
0001001101011110: 31 303 110 191
0001001101011110: 31 303 95 191
0001001101011110: 31 303 85 191
0001001101011110: 31 303 210 191
0001001101011110: 31 303 191 396
0001001101011110: 31 303 191 364
0001001101011110: 31 303 191 260
0001001101011110: 31 303 191 169
0001001101011110: 31 303 191 61
0001001101011110: 31 303 191 183
0001001101011110: 31 303 191 130
0001001101011110: 31 303 191 88
0001001101011110: 32 463 426 128
0001001101011110: 32 463 422 403
0001001101011110: 32 459 411 146
0001001101011110: 33 295 364 196
0001001101011110: 34 450 386 245
0001001101011110: 34 450 288 205
0001001101011110: 34 298 377 235
0001001101011110: 34 298 134 47
0001001101011110: 34 67 158 66
0001001101011110: 35 341 345 253
0001001101011110: 35 341 345 104
0001001101011110: 35 219 239 76
0001001101011110: 37 383 225 94
0001001101011110: 37 383 104 94
0001001101011110: 38 271 442 345
0001001101011110: 38 251 329 44
0001001101011110: 38 251 311 226
0001001101011110: 39 312 369 293
0001001101011110: 39 312 293 263
0001001101011110: 40 384 363 331
0001001101011110: 41 401 426 142
0001001101011110: 41 401 426 369
0001001101011110: 41 401 422 369
0001001101011110: 41 401 396 369
0001001101011110: 41 401 381 369
0001001101011110: 41 401 364 369
0001001101011110: 41 401 361 369
0001001101011110: 41 401 258 369
0001001101011110: 41 401 223 51
0001001101011110: 41 401 223 369
0001001101011110: 41 401 218 369
0001001101011110: 41 401 142 369
0001001101011110: 41 401 51 369
0001001101011110: 41 401 369 373
0001001101011110: 41 401 369 321
0001001101011110: 41 401 369 312
0001001101011110: 41 401 369 293
0001001101011110: 41 401 369 203
0001001101011110: 41 401 369 55
0001001101011110: 41 401 369 354
0001001101011110: 41 401 369 307
0001001101011110: 41 401 369 294
0001001101011110: 41 401 369 167
0001001101011110: 41 401 369 119
0001001101011110: 41 401 369 117
0001001101011110: 41 401 369 101
0001001101011110: 41 401 369 84
0001001101011110: 41 401 369 58
0001001101011110: 41 369 312 293
0001001101011110: 41 354 297 170
0001001101011110: 41 307 316 132
0001001101011110: 41 307 229 160
0001001101011110: 41 58 345 104
0001001101011110: 41 58 195 104
0001001101011110: 42 463 426 128
0001001101011110: 42 463 422 403
0001001101011110: 42 383 225 94
0001001101011110: 42 383 104 94
0001001101011110: 43 454 174 72
0001001101011110: 43 444 174 72
0001001101011110: 43 246 174 72
0001001101011110: 43 174 447 72
0001001101011110: 43 174 366 72
0001001101011110: 43 174 56 72
0001001101011110: 43 174 135 72
0001001101011110: 43 174 121 72
0001001101011110: 43 174 93 72
0001001101011110: 43 174 72 442
0001001101011110: 43 174 72 349
0001001101011110: 43 174 72 298
0001001101011110: 43 174 72 291
0001001101011110: 43 174 72 259
0001001101011110: 43 174 72 203
0001001101011110: 43 174 72 194
0001001101011110: 43 174 72 139
0001001101011110: 43 72 259 203
0001001101011110: 44 462 434 390
0001001101011110: 44 462 329 251
0001001101011110: 44 460 434 390
0001001101011110: 44 460 329 251
0001001101011110: 44 434 387 376
0001001101011110: 44 434 387 390
0001001101011110: 44 434 376 390
0001001101011110: 44 434 342 390
0001001101011110: 44 434 341 390
0001001101011110: 44 434 261 390
0001001101011110: 44 434 198 390
0001001101011110: 44 434 157 390
0001001101011110: 44 434 65 390
0001001101011110: 44 434 62 390
0001001101011110: 44 434 390 262
0001001101011110: 44 434 390 218
0001001101011110: 44 434 390 206
0001001101011110: 44 434 390 84
0001001101011110: 44 434 390 343
0001001101011110: 44 434 390 329
0001001101011110: 44 434 390 267
0001001101011110: 44 434 390 251
0001001101011110: 44 434 390 186
0001001101011110: 44 434 390 176
0001001101011110: 44 434 390 141
0001001101011110: 44 434 390 105
0001001101011110: 44 434 329 251
0001001101011110: 44 390 329 251
0001001101011110: 44 343 329 251
0001001101011110: 44 329 340 251
0001001101011110: 44 329 333 251
0001001101011110: 44 329 195 251
0001001101011110: 44 329 179 251
0001001101011110: 44 329 172 251
0001001101011110: 44 329 138 251
0001001101011110: 44 329 108 251
0001001101011110: 44 329 100 251
0001001101011110: 44 329 267 251
0001001101011110: 44 329 251 395
0001001101011110: 44 329 251 373
0001001101011110: 44 329 251 311
0001001101011110: 44 329 251 248
0001001101011110: 44 329 251 226
0001001101011110: 44 329 251 107
0001001101011110: 44 329 251 186
0001001101011110: 44 329 251 176
0001001101011110: 44 329 251 141
0001001101011110: 44 329 251 105
0001001101011110: 44 267 281 136
0001001101011110: 44 251 311 226
0001001101011110: 45 415 352 118
0001001101011110: 45 415 276 213
0001001101011110: 45 270 446 272
0001001101011110: 45 248 365 209
0001001101011110: 46 415 352 118
0001001101011110: 46 415 276 213
0001001101011110: 46 410 337 263
0001001101011110: 46 293 369 312
0001001101011110: 46 293 312 263
0001001101011110: 47 453 298 134
0001001101011110: 47 375 298 134
0001001101011110: 47 311 251 226
0001001101011110: 47 311 298 134
0001001101011110: 47 305 298 134
0001001101011110: 47 298 426 134
0001001101011110: 47 298 377 235
0001001101011110: 47 298 377 134
0001001101011110: 47 298 235 134
0001001101011110: 47 298 143 134
0001001101011110: 47 298 121 134
0001001101011110: 47 298 114 134
0001001101011110: 47 298 72 134
0001001101011110: 47 298 246 134
0001001101011110: 47 298 217 134
0001001101011110: 47 298 170 134
0001001101011110: 47 298 134 460
0001001101011110: 47 298 134 436
0001001101011110: 47 298 134 418
0001001101011110: 47 298 134 397
0001001101011110: 47 298 134 336
0001001101011110: 47 298 134 290
0001001101011110: 47 298 134 213
0001001101011110: 47 298 134 123
0001001101011110: 47 298 134 68
0001001101011110: 47 298 134 126
0001001101011110: 47 170 354 297
0001001101011110: 47 126 372 284
0001001101011110: 48 126 372 284
0001001101011110: 48 118 415 352
0001001101011110: 48 118 392 198
0001001101011110: 48 51 401 223
0001001101011110: 50 372 284 126
0001001101011110: 50 129 155 138
0001001101011110: 50 129 155 108
0001001101011110: 51 401 426 142
0001001101011110: 51 401 426 223
0001001101011110: 51 401 422 223
0001001101011110: 51 401 396 223
0001001101011110: 51 401 381 223
0001001101011110: 51 401 369 223
0001001101011110: 51 401 364 223
0001001101011110: 51 401 361 223
0001001101011110: 51 401 258 223
0001001101011110: 51 401 218 223
0001001101011110: 51 401 142 223
0001001101011110: 51 401 334 223
0001001101011110: 51 401 274 223
0001001101011110: 51 401 223 388
0001001101011110: 51 401 223 365
0001001101011110: 51 401 223 231
0001001101011110: 51 401 223 186
0001001101011110: 51 401 223 164
0001001101011110: 51 401 223 146
0001001101011110: 51 401 223 123
0001001101011110: 51 401 223 100
0001001101011110: 51 146 459 411
0001001101011110: 53 309 398 232
0001001101011110: 54 365 248 209
0001001101011110: 54 312 369 293
0001001101011110: 54 312 293 263
0001001101011110: 54 276 415 213
0001001101011110: 54 276 366 116
0001001101011110: 55 369 312 293
0001001101011110: 55 364 295 196
0001001101011110: 55 331 384 363
0001001101011110: 55 331 249 173
0001001101011110: 56 372 284 126
0001001101011110: 58 345 442 271
0001001101011110: 58 345 442 253
0001001101011110: 58 345 442 104
0001001101011110: 58 345 411 104
0001001101011110: 58 345 355 104
0001001101011110: 58 345 341 253
0001001101011110: 58 345 318 104
0001001101011110: 58 345 292 104
0001001101011110: 58 345 271 104
0001001101011110: 58 345 253 104
0001001101011110: 58 345 162 104
0001001101011110: 58 345 152 104
0001001101011110: 58 345 104 451
0001001101011110: 58 345 104 383
0001001101011110: 58 345 104 358
0001001101011110: 58 345 104 322
0001001101011110: 58 345 104 315
0001001101011110: 58 345 104 289
0001001101011110: 58 345 104 194
0001001101011110: 58 345 104 177
0001001101011110: 58 345 104 166
0001001101011110: 58 345 104 165
0001001101011110: 58 345 104 112
0001001101011110: 58 345 104 94
0001001101011110: 58 345 104 65
0001001101011110: 58 345 104 61
0001001101011110: 58 195 436 104
0001001101011110: 58 195 395 104
0001001101011110: 58 195 329 104
0001001101011110: 58 195 142 104
0001001101011110: 58 195 162 104
0001001101011110: 58 195 152 104
0001001101011110: 58 195 104 451
0001001101011110: 58 195 104 383
0001001101011110: 58 195 104 358
0001001101011110: 58 195 104 341
0001001101011110: 58 195 104 322
0001001101011110: 58 195 104 315
0001001101011110: 58 195 104 289
0001001101011110: 58 195 104 194
0001001101011110: 58 195 104 177
0001001101011110: 58 195 104 166
0001001101011110: 58 195 104 165
0001001101011110: 58 195 104 112
0001001101011110: 58 195 104 94
0001001101011110: 58 195 104 65
0001001101011110: 58 195 104 61
0001001101011110: 58 104 383 94
0001001101011110: 59 398 309 232
0001001101011110: 59 386 450 245
0001001101011110: 60 309 398 232
0001001101011110: 62 434 387 376
0001001101011110: 62 276 415 213
0001001101011110: 62 276 366 116
0001001101011110: 63 354 297 170
0001001101011110: 64 459 411 146
0001001101011110: 64 108 155 129
0001001101011110: 65 434 387 376
0001001101011110: 65 284 372 126
0001001101011110: 66 432 158 67
0001001101011110: 66 382 158 67
0001001101011110: 66 258 158 67
0001001101011110: 66 247 452 239
0001001101011110: 66 247 158 67
0001001101011110: 66 186 158 67
0001001101011110: 66 158 419 67
0001001101011110: 66 158 404 67
0001001101011110: 66 158 324 67
0001001101011110: 66 158 300 67
0001001101011110: 66 158 295 67
0001001101011110: 66 158 169 67
0001001101011110: 66 158 120 67
0001001101011110: 66 158 106 67
0001001101011110: 66 158 70 67
0001001101011110: 66 158 112 67
0001001101011110: 66 158 110 67
0001001101011110: 66 158 67 252
0001001101011110: 66 158 67 240
0001001101011110: 66 158 67 93
0001001101011110: 66 110 317 266
0001001101011110: 67 252 371 161
0001001101011110: 68 366 276 116
0001001101011110: 68 364 295 196
0001001101011110: 69 426 463 128
0001001101011110: 69 426 401 142
0001001101011110: 70 372 284 126
0001001101011110: 70 352 415 118
0001001101011110: 70 209 365 248
0001001101011110: 70 132 316 307
0001001101011110: 71 270 446 272
0001001101011110: 71 219 239 76
0001001101011110: 72 442 345 271
0001001101011110: 72 442 345 253
0001001101011110: 72 442 259 203
0001001101011110: 72 349 259 203
0001001101011110: 72 298 377 235
0001001101011110: 72 298 259 203
0001001101011110: 72 291 259 203
0001001101011110: 72 259 436 203
0001001101011110: 72 259 164 203
0001001101011110: 72 259 118 203
0001001101011110: 72 259 111 203
0001001101011110: 72 259 203 418
0001001101011110: 72 259 203 369
0001001101011110: 72 259 203 351
0001001101011110: 72 259 203 201
0001001101011110: 72 259 203 197
0001001101011110: 72 259 203 194
0001001101011110: 72 259 203 174
0001001101011110: 72 259 203 139
0001001101011110: 73 170 354 297
0001001101011110: 73 118 415 352
0001001101011110: 73 118 392 198
0001001101011110: 74 426 463 128
0001001101011110: 74 426 401 142
0001001101011110: 74 110 317 266
0001001101011110: 75 277 336 220
0001001101011110: 76 391 376 155
0001001101011110: 76 391 239 219
0001001101011110: 76 376 434 387
0001001101011110: 76 376 434 155
0001001101011110: 76 376 387 155
0001001101011110: 76 376 306 155
0001001101011110: 76 376 126 155
0001001101011110: 76 376 116 155
0001001101011110: 76 376 94 155
0001001101011110: 76 376 239 219
0001001101011110: 76 376 239 155
0001001101011110: 76 376 219 155
0001001101011110: 76 376 155 450
0001001101011110: 76 376 155 420
0001001101011110: 76 376 155 335
0001001101011110: 76 376 155 313
0001001101011110: 76 376 155 312
0001001101011110: 76 376 155 284
0001001101011110: 76 376 155 184
0001001101011110: 76 376 155 138
0001001101011110: 76 376 155 129
0001001101011110: 76 376 155 110
0001001101011110: 76 376 155 108
0001001101011110: 76 376 155 106
0001001101011110: 76 239 452 247
0001001101011110: 76 239 452 219
0001001101011110: 76 239 410 219
0001001101011110: 76 239 334 219
0001001101011110: 76 239 294 219
0001001101011110: 76 239 247 219
0001001101011110: 76 239 221 219
0001001101011110: 76 239 101 219
0001001101011110: 76 239 219 437
0001001101011110: 76 239 219 352
0001001101011110: 76 239 219 342
0001001101011110: 76 239 219 92
0001001101011110: 76 239 219 155
0001001101011110: 76 155 420 184
0001001101011110: 76 155 138 129
0001001101011110: 76 155 129 108
0001001101011110: 77 263 410 337
0001001101011110: 77 263 403 337
0001001101011110: 77 263 312 293
0001001101011110: 78 253 442 345
0001001101011110: 78 253 345 341
0001001101011110: 78 142 426 401
0001001101011110: 79 170 354 297
0001001101011110: 80 366 276 116
0001001101011110: 83 456 421 388
0001001101011110: 83 455 421 388
0001001101011110: 83 421 460 388
0001001101011110: 83 421 338 388
0001001101011110: 83 421 200 388
0001001101011110: 83 421 199 388
0001001101011110: 83 421 197 388
0001001101011110: 83 421 402 388
0001001101011110: 83 421 388 313
0001001101011110: 83 421 388 260
0001001101011110: 83 421 388 226
0001001101011110: 83 421 388 223
0001001101011110: 83 421 388 187
0001001101011110: 83 421 388 101
0001001101011110: 83 421 388 375
0001001101011110: 83 421 388 244
0001001101011110: 83 421 388 217
0001001101011110: 83 421 388 145
0001001101011110: 84 229 307 160
0001001101011110: 85 297 354 170
0001001101011110: 87 341 345 253
0001001101011110: 87 341 345 104
0001001101011110: 88 128 463 426
0001001101011110: 89 386 450 245
0001001101011110: 91 295 364 196
0001001101011110: 92 363 384 331
0001001101011110: 92 363 292 200
0001001101011110: 92 316 307 132
0001001101011110: 94 383 452 225
0001001101011110: 94 383 452 104
0001001101011110: 94 383 433 225
0001001101011110: 94 383 433 104
0001001101011110: 94 383 253 225
0001001101011110: 94 383 253 104
0001001101011110: 94 383 224 225
0001001101011110: 94 383 224 104
0001001101011110: 94 383 175 225
0001001101011110: 94 383 175 104
0001001101011110: 94 383 148 225
0001001101011110: 94 383 148 104
0001001101011110: 94 383 376 225
0001001101011110: 94 383 376 104
0001001101011110: 94 383 264 225
0001001101011110: 94 383 264 104
0001001101011110: 94 383 225 459
0001001101011110: 94 383 225 364
0001001101011110: 94 383 225 258
0001001101011110: 94 383 225 244
0001001101011110: 94 383 225 123
0001001101011110: 94 383 225 217
0001001101011110: 94 383 225 201
0001001101011110: 94 383 225 136
0001001101011110: 94 383 225 129
0001001101011110: 94 383 217 104
0001001101011110: 94 383 201 104
0001001101011110: 94 383 136 104
0001001101011110: 94 383 129 104
0001001101011110: 94 383 104 451
0001001101011110: 94 383 104 358
0001001101011110: 94 383 104 345
0001001101011110: 94 383 104 341
0001001101011110: 94 383 104 322
0001001101011110: 94 383 104 315
0001001101011110: 94 383 104 289
0001001101011110: 94 383 104 195
0001001101011110: 94 383 104 194
0001001101011110: 94 383 104 177
0001001101011110: 94 383 104 166
0001001101011110: 94 383 104 165
0001001101011110: 94 383 104 112
0001001101011110: 94 376 434 387
0001001101011110: 94 136 281 267
0001001101011110: 94 129 155 138
0001001101011110: 94 129 155 108
0001001101011110: 94 104 345 341
0001001101011110: 95 271 442 345
0001001101011110: 96 263 410 337
0001001101011110: 96 263 403 337
0001001101011110: 96 263 312 293
0001001101011110: 97 403 463 422
0001001101011110: 97 403 337 263
0001001101011110: 97 316 307 132
0001001101011110: 97 209 365 248
0001001101011110: 97 136 281 267
0001001101011110: 99 415 352 118
0001001101011110: 99 415 276 213
0001001101011110: 100 363 384 331
0001001101011110: 100 363 292 200
0001001101011110: 101 403 463 422
0001001101011110: 101 403 337 263
0001001101011110: 101 239 452 247
0001001101011110: 102 336 277 220
0001001101011110: 102 248 365 209
0001001101011110: 102 196 364 295
0001001101011110: 103 248 365 209
0001001101011110: 104 451 345 341
0001001101011110: 104 383 345 341
0001001101011110: 104 358 345 341
0001001101011110: 104 345 442 271
0001001101011110: 104 345 442 253
0001001101011110: 104 345 442 341
0001001101011110: 104 345 411 341
0001001101011110: 104 345 355 341
0001001101011110: 104 345 318 341
0001001101011110: 104 345 292 341
0001001101011110: 104 345 271 341
0001001101011110: 104 345 341 448
0001001101011110: 104 345 341 434
0001001101011110: 104 345 341 413
0001001101011110: 104 345 341 149
0001001101011110: 104 345 341 110
0001001101011110: 104 345 341 322
0001001101011110: 104 345 341 315
0001001101011110: 104 345 341 289
0001001101011110: 104 345 341 195
0001001101011110: 104 345 341 194
0001001101011110: 104 345 341 177
0001001101011110: 104 345 341 166
0001001101011110: 104 345 341 165
0001001101011110: 104 345 341 112
0001001101011110: 105 354 297 170
0001001101011110: 105 312 369 293
0001001101011110: 105 312 293 263
0001001101011110: 105 284 372 126
0001001101011110: 105 220 336 277
0001001101011110: 105 161 371 252
0001001101011110: 106 173 331 249
0001001101011110: 106 155 420 184
0001001101011110: 106 155 138 129
0001001101011110: 106 155 129 108
0001001101011110: 107 251 311 226
0001001101011110: 108 329 155 129
0001001101011110: 108 290 155 129
0001001101011110: 108 274 155 129
0001001101011110: 108 155 450 129
0001001101011110: 108 155 420 184
0001001101011110: 108 155 420 129
0001001101011110: 108 155 376 129
0001001101011110: 108 155 335 129
0001001101011110: 108 155 313 129
0001001101011110: 108 155 312 129
0001001101011110: 108 155 284 129
0001001101011110: 108 155 184 129
0001001101011110: 108 155 110 129
0001001101011110: 108 155 131 129
0001001101011110: 108 155 129 289
0001001101011110: 108 155 129 263
0001001101011110: 108 155 129 243
0001001101011110: 110 394 317 266
0001001101011110: 110 360 317 266
0001001101011110: 110 341 345 253
0001001101011110: 110 341 317 266
0001001101011110: 110 317 381 266
0001001101011110: 110 317 352 266
0001001101011110: 110 317 337 266
0001001101011110: 110 317 307 266
0001001101011110: 110 317 291 266
0001001101011110: 110 317 303 266
0001001101011110: 110 317 266 443
0001001101011110: 110 317 266 271
0001001101011110: 110 317 266 199
0001001101011110: 110 317 266 169
0001001101011110: 110 317 266 133
0001001101011110: 110 317 266 155
0001001101011110: 110 317 266 118
0001001101011110: 110 317 266 111
0001001101011110: 110 155 420 184
0001001101011110: 110 155 138 129
0001001101011110: 110 118 415 352
0001001101011110: 110 118 392 198
0001001101011110: 112 288 450 205
0001001101011110: 112 267 281 136
0001001101011110: 114 298 377 235
0001001101011110: 116 395 366 276
0001001101011110: 116 376 434 387
0001001101011110: 116 376 366 276
0001001101011110: 116 366 423 276
0001001101011110: 116 366 357 276
0001001101011110: 116 366 348 276
0001001101011110: 116 366 174 276
0001001101011110: 116 366 128 276
0001001101011110: 116 366 351 276
0001001101011110: 116 366 276 415
0001001101011110: 116 366 276 313
0001001101011110: 116 366 276 274
0001001101011110: 116 366 276 213
0001001101011110: 116 366 276 264
0001001101011110: 116 366 276 260
0001001101011110: 116 366 276 248
0001001101011110: 116 366 276 240
0001001101011110: 116 366 276 162
0001001101011110: 116 366 276 130
0001001101011110: 116 276 415 213
0001001101011110: 116 248 365 209
0001001101011110: 118 415 426 352
0001001101011110: 118 415 397 352
0001001101011110: 118 415 322 352
0001001101011110: 118 415 316 352
0001001101011110: 118 415 276 213
0001001101011110: 118 415 276 352
0001001101011110: 118 415 213 352
0001001101011110: 118 415 200 352
0001001101011110: 118 415 182 352
0001001101011110: 118 415 173 352
0001001101011110: 118 415 413 352
0001001101011110: 118 415 392 352
0001001101011110: 118 415 392 198
0001001101011110: 118 415 352 317
0001001101011110: 118 415 352 313
0001001101011110: 118 415 352 302
0001001101011110: 118 415 352 273
0001001101011110: 118 415 352 219
0001001101011110: 118 415 352 119
0001001101011110: 118 415 352 347
0001001101011110: 118 415 352 290
0001001101011110: 118 415 352 259
0001001101011110: 118 415 352 198
0001001101011110: 118 413 392 198
0001001101011110: 118 392 316 198
0001001101011110: 118 392 288 198
0001001101011110: 118 392 185 198
0001001101011110: 118 392 172 198
0001001101011110: 118 392 352 198
0001001101011110: 118 392 347 198
0001001101011110: 118 392 290 198
0001001101011110: 118 392 259 198
0001001101011110: 118 392 198 434
0001001101011110: 118 392 198 253
0001001101011110: 118 392 198 182
0001001101011110: 120 312 369 293
0001001101011110: 120 312 293 263
0001001101011110: 120 184 420 155
0001001101011110: 120 170 354 297
0001001101011110: 121 452 247 239
0001001101011110: 121 420 184 155
0001001101011110: 121 312 369 293
0001001101011110: 121 312 293 263
0001001101011110: 121 298 377 235
0001001101011110: 123 292 363 200
0001001101011110: 124 249 331 173
0001001101011110: 124 220 336 277
0001001101011110: 125 229 307 160
0001001101011110: 126 439 372 284
0001001101011110: 126 376 434 387
0001001101011110: 126 376 372 284
0001001101011110: 126 372 425 284
0001001101011110: 126 372 270 284
0001001101011110: 126 372 264 284
0001001101011110: 126 372 152 284
0001001101011110: 126 372 315 284
0001001101011110: 126 372 292 284
0001001101011110: 126 372 284 458
0001001101011110: 126 372 284 416
0001001101011110: 126 372 284 318
0001001101011110: 126 372 284 302
0001001101011110: 126 372 284 226
0001001101011110: 126 372 284 155
0001001101011110: 126 372 284 141
0001001101011110: 126 292 363 200
0001001101011110: 127 253 442 345
0001001101011110: 127 253 345 341
0001001101011110: 128 463 422 403
0001001101011110: 128 463 422 426
0001001101011110: 128 463 403 426
0001001101011110: 128 463 455 426
0001001101011110: 128 463 426 445
0001001101011110: 128 463 426 415
0001001101011110: 128 463 426 401
0001001101011110: 128 463 426 386
0001001101011110: 128 463 426 298
0001001101011110: 128 463 426 297
0001001101011110: 128 463 426 296
0001001101011110: 128 463 426 289
0001001101011110: 128 463 426 252
0001001101011110: 128 463 426 163
0001001101011110: 128 463 426 142
0001001101011110: 128 463 426 379
0001001101011110: 128 463 426 366
0001001101011110: 128 463 426 333
0001001101011110: 128 463 426 303
0001001101011110: 128 463 426 168
0001001101011110: 128 463 426 160
0001001101011110: 128 463 426 130
0001001101011110: 128 426 401 142
0001001101011110: 128 160 307 229
0001001101011110: 129 289 155 138
0001001101011110: 129 263 410 337
0001001101011110: 129 263 403 337
0001001101011110: 129 263 312 293
0001001101011110: 129 263 155 138
0001001101011110: 129 243 155 138
0001001101011110: 129 155 450 138
0001001101011110: 129 155 420 184
0001001101011110: 129 155 420 138
0001001101011110: 129 155 376 138
0001001101011110: 129 155 335 138
0001001101011110: 129 155 313 138
0001001101011110: 129 155 312 138
0001001101011110: 129 155 284 138
0001001101011110: 129 155 184 138
0001001101011110: 129 155 138 329
0001001101011110: 129 155 138 277
0001001101011110: 129 155 138 244
0001001101011110: 129 155 138 181
0001001101011110: 129 155 138 152
0001001101011110: 130 297 354 170
0001001101011110: 130 295 364 196
0001001101011110: 130 209 365 248
0001001101011110: 131 136 281 267
0001001101011110: 132 403 463 422
0001001101011110: 132 403 337 263
0001001101011110: 132 403 316 307
0001001101011110: 132 351 316 307
0001001101011110: 132 316 415 307
0001001101011110: 132 316 392 307
0001001101011110: 132 316 262 307
0001001101011110: 132 316 161 307
0001001101011110: 132 316 307 424
0001001101011110: 132 316 307 409
0001001101011110: 132 316 307 317
0001001101011110: 132 316 307 229
0001001101011110: 132 316 307 205
0001001101011110: 132 316 307 160
0001001101011110: 132 316 307 154
0001001101011110: 132 316 307 152
0001001101011110: 132 307 229 160
0001001101011110: 133 371 252 161
0001001101011110: 133 365 248 209
0001001101011110: 134 336 277 220
0001001101011110: 134 298 377 235
0001001101011110: 134 213 415 276
0001001101011110: 135 173 331 249
0001001101011110: 136 435 281 267
0001001101011110: 136 405 281 267
0001001101011110: 136 370 281 267
0001001101011110: 136 344 281 267
0001001101011110: 136 310 281 267
0001001101011110: 136 300 281 267
0001001101011110: 136 281 365 267
0001001101011110: 136 281 179 267
0001001101011110: 136 281 267 274
0001001101011110: 136 281 267 216
0001001101011110: 136 281 267 214
0001001101011110: 136 281 267 207
0001001101011110: 136 281 267 164
0001001101011110: 136 281 267 162
0001001101011110: 136 281 267 147
0001001101011110: 136 281 267 238
0001001101011110: 136 281 267 206
0001001101011110: 136 281 267 145
0001001101011110: 138 277 336 220
0001001101011110: 138 155 420 184
0001001101011110: 139 450 386 245
0001001101011110: 139 450 288 205
0001001101011110: 139 410 337 263
0001001101011110: 140 331 384 363
0001001101011110: 140 331 249 173
0001001101011110: 141 459 411 146
0001001101011110: 141 410 337 263
0001001101011110: 141 363 384 331
0001001101011110: 141 363 292 200
0001001101011110: 141 253 442 345
0001001101011110: 141 253 345 341
0001001101011110: 141 205 450 288
0001001101011110: 142 454 426 401
0001001101011110: 142 426 463 401
0001001101011110: 142 426 445 401
0001001101011110: 142 426 415 401
0001001101011110: 142 426 386 401
0001001101011110: 142 426 298 401
0001001101011110: 142 426 297 401
0001001101011110: 142 426 296 401
0001001101011110: 142 426 289 401
0001001101011110: 142 426 252 401
0001001101011110: 142 426 163 401
0001001101011110: 142 426 401 422
0001001101011110: 142 426 401 396
0001001101011110: 142 426 401 381
0001001101011110: 142 426 401 369
0001001101011110: 142 426 401 364
0001001101011110: 142 426 401 361
0001001101011110: 142 426 401 258
0001001101011110: 142 426 401 223
0001001101011110: 142 426 401 218
0001001101011110: 142 426 401 391
0001001101011110: 142 426 401 195
0001001101011110: 142 426 401 173
0001001101011110: 142 426 401 171
0001001101011110: 142 173 331 249
0001001101011110: 143 298 377 235
0001001101011110: 144 363 384 331
0001001101011110: 144 363 292 200
0001001101011110: 146 459 450 411
0001001101011110: 146 459 429 411
0001001101011110: 146 459 407 411
0001001101011110: 146 459 318 411
0001001101011110: 146 459 309 411
0001001101011110: 146 459 292 411
0001001101011110: 146 459 233 411
0001001101011110: 146 459 225 411
0001001101011110: 146 459 411 373
0001001101011110: 146 459 411 362
0001001101011110: 146 459 411 345
0001001101011110: 146 459 411 187
0001001101011110: 146 459 411 182
0001001101011110: 146 459 411 156
0001001101011110: 146 459 411 315
0001001101011110: 146 459 411 230
0001001101011110: 146 459 411 222
0001001101011110: 146 459 411 149
0001001101011110: 147 200 363 292
0001001101011110: 147 160 307 229
0001001101011110: 148 446 272 270
0001001101011110: 148 173 331 249
0001001101011110: 149 422 463 403
0001001101011110: 149 363 384 331
0001001101011110: 149 363 292 200
0001001101011110: 149 341 345 253
0001001101011110: 150 420 184 155
0001001101011110: 150 309 398 232
0001001101011110: 150 292 363 200
0001001101011110: 151 263 410 337
0001001101011110: 151 263 403 337
0001001101011110: 151 263 312 293
0001001101011110: 151 229 307 160
0001001101011110: 152 307 229 160
0001001101011110: 153 184 420 155
0001001101011110: 154 307 229 160
0001001101011110: 154 196 364 295
0001001101011110: 155 450 386 245
0001001101011110: 155 450 288 205
0001001101011110: 155 450 420 184
0001001101011110: 155 420 402 184
0001001101011110: 155 420 347 184
0001001101011110: 155 420 304 184
0001001101011110: 155 420 285 184
0001001101011110: 155 420 376 184
0001001101011110: 155 420 335 184
0001001101011110: 155 420 313 184
0001001101011110: 155 420 312 184
0001001101011110: 155 420 284 184
0001001101011110: 155 420 184 438
0001001101011110: 155 420 184 429
0001001101011110: 155 420 184 405
0001001101011110: 155 420 184 325
0001001101011110: 155 420 184 300
0001001101011110: 155 376 434 387
0001001101011110: 155 312 369 293
0001001101011110: 155 312 293 263
0001001101011110: 156 450 386 245
0001001101011110: 156 450 288 205
0001001101011110: 156 213 415 276
0001001101011110: 157 434 387 376
0001001101011110: 158 295 364 196
0001001101011110: 160 343 307 229
0001001101011110: 160 312 369 293
0001001101011110: 160 312 293 263
0001001101011110: 160 312 307 229
0001001101011110: 160 307 424 229
0001001101011110: 160 307 409 229
0001001101011110: 160 307 317 229
0001001101011110: 160 307 316 229
0001001101011110: 160 307 205 229
0001001101011110: 160 307 229 457
0001001101011110: 160 307 229 371
0001001101011110: 160 307 229 310
0001001101011110: 160 307 229 301
0001001101011110: 160 307 229 216
0001001101011110: 161 432 371 252
0001001101011110: 161 371 405 252
0001001101011110: 161 371 396 252
0001001101011110: 161 371 323 252
0001001101011110: 161 371 229 252
0001001101011110: 161 371 183 252
0001001101011110: 161 371 316 252
0001001101011110: 161 371 252 426
0001001101011110: 161 371 252 303
0001001101011110: 161 371 252 291
0001001101011110: 161 371 252 243
0001001101011110: 161 371 252 241
0001001101011110: 161 371 252 205
0001001101011110: 161 371 252 165
0001001101011110: 163 205 450 288
0001001101011110: 166 446 272 270
0001001101011110: 170 397 354 297
0001001101011110: 170 355 354 297
0001001101011110: 170 354 440 297
0001001101011110: 170 354 299 297
0001001101011110: 170 354 327 297
0001001101011110: 170 354 297 426
0001001101011110: 170 354 297 246
0001001101011110: 170 354 297 245
0001001101011110: 170 354 297 282
0001001101011110: 170 354 297 230
0001001101011110: 170 354 297 185
0001001101011110: 172 384 363 331
0001001101011110: 172 232 398 309
0001001101011110: 173 462 331 249
0001001101011110: 173 415 276 213
0001001101011110: 173 415 331 249
0001001101011110: 173 368 331 249
0001001101011110: 173 331 451 249
0001001101011110: 173 331 384 363
0001001101011110: 173 331 384 249
0001001101011110: 173 331 363 249
0001001101011110: 173 331 222 249
0001001101011110: 173 331 291 249
0001001101011110: 173 331 249 238
0001001101011110: 173 331 249 204
0001001101011110: 173 331 249 201
0001001101011110: 177 422 463 403
0001001101011110: 177 292 363 200
0001001101011110: 178 292 363 200
0001001101011110: 178 263 410 337
0001001101011110: 178 263 403 337
0001001101011110: 178 263 312 293
0001001101011110: 178 245 450 386
0001001101011110: 182 441 414 387
0001001101011110: 182 415 276 213
0001001101011110: 185 277 336 220
0001001101011110: 186 441 414 387
0001001101011110: 187 312 369 293
0001001101011110: 187 312 293 263
0001001101011110: 187 292 363 200
0001001101011110: 189 398 309 232
0001001101011110: 191 364 295 196
0001001101011110: 192 226 311 251
0001001101011110: 193 452 247 239
0001001101011110: 193 446 272 270
0001001101011110: 196 444 364 295
0001001101011110: 196 364 437 295
0001001101011110: 196 364 401 295
0001001101011110: 196 364 315 295
0001001101011110: 196 364 294 295
0001001101011110: 196 364 225 295
0001001101011110: 196 364 360 295
0001001101011110: 196 364 312 295
0001001101011110: 196 364 295 305
0001001101011110: 196 312 369 293
0001001101011110: 196 312 293 263
0001001101011110: 198 434 387 376
0001001101011110: 198 253 442 345
0001001101011110: 198 253 345 341
0001001101011110: 200 421 363 292
0001001101011110: 200 415 276 213
0001001101011110: 200 415 363 292
0001001101011110: 200 412 363 292
0001001101011110: 200 363 458 292
0001001101011110: 200 363 455 292
0001001101011110: 200 363 449 292
0001001101011110: 200 363 444 292
0001001101011110: 200 363 428 292
0001001101011110: 200 363 387 292
0001001101011110: 200 363 384 331
0001001101011110: 200 363 384 292
0001001101011110: 200 363 331 292
0001001101011110: 200 363 357 292
0001001101011110: 200 363 292 459
0001001101011110: 200 363 292 430
0001001101011110: 200 363 292 345
0001001101011110: 200 363 292 303
0001001101011110: 200 363 292 268
0001001101011110: 200 363 292 272
0001001101011110: 200 363 292 220
0001001101011110: 200 272 446 270
0001001101011110: 200 220 336 277
0001001101011110: 203 369 312 293
0001001101011110: 204 226 311 251
0001001101011110: 205 450 459 288
0001001101011110: 205 450 386 245
0001001101011110: 205 450 386 288
0001001101011110: 205 450 245 288
0001001101011110: 205 450 244 288
0001001101011110: 205 450 412 288
0001001101011110: 205 450 377 288
0001001101011110: 205 450 307 288
0001001101011110: 205 450 288 457
0001001101011110: 205 450 288 392
0001001101011110: 205 450 288 353
0001001101011110: 205 450 288 305
0001001101011110: 205 450 288 287
0001001101011110: 205 450 288 252
0001001101011110: 205 450 288 208
0001001101011110: 205 377 298 235
0001001101011110: 206 220 336 277
0001001101011110: 207 384 363 331
0001001101011110: 208 293 369 312
0001001101011110: 208 293 312 263
0001001101011110: 209 458 365 248
0001001101011110: 209 393 365 248
0001001101011110: 209 368 365 248
0001001101011110: 209 365 436 248
0001001101011110: 209 365 396 248
0001001101011110: 209 365 332 248
0001001101011110: 209 365 281 248
0001001101011110: 209 365 232 248
0001001101011110: 209 365 223 248
0001001101011110: 209 365 248 303
0001001101011110: 209 365 248 274
0001001101011110: 209 365 248 251
0001001101011110: 211 309 398 232
0001001101011110: 213 428 415 276
0001001101011110: 213 415 426 276
0001001101011110: 213 415 397 276
0001001101011110: 213 415 352 276
0001001101011110: 213 415 322 276
0001001101011110: 213 415 316 276
0001001101011110: 213 415 300 276
0001001101011110: 213 415 276 366
0001001101011110: 213 415 276 313
0001001101011110: 213 415 276 274
0001001101011110: 216 270 446 272
0001001101011110: 217 422 463 403
0001001101011110: 219 239 452 247
0001001101011110: 220 340 336 277
0001001101011110: 220 336 432 277
0001001101011110: 220 336 279 277
0001001101011110: 220 336 277 447
0001001101011110: 220 336 277 343
0001001101011110: 220 336 277 285
0001001101011110: 220 336 277 242
0001001101011110: 220 336 277 247
0001001101011110: 220 336 277 237
0001001101011110: 220 247 452 239
0001001101011110: 221 384 363 331
0001001101011110: 221 239 452 247
0001001101011110: 222 331 384 363
0001001101011110: 224 422 463 403
0001001101011110: 226 436 311 251
0001001101011110: 226 404 311 251
0001001101011110: 226 388 311 251
0001001101011110: 226 311 444 251
0001001101011110: 226 311 310 251
0001001101011110: 226 311 296 251
0001001101011110: 226 311 284 251
0001001101011110: 226 311 251 395
0001001101011110: 226 311 251 373
0001001101011110: 226 311 251 329
0001001101011110: 226 311 251 248
0001001101011110: 226 311 251 242
0001001101011110: 227 414 441 387
0001001101011110: 232 429 398 309
0001001101011110: 232 410 337 263
0001001101011110: 232 410 398 309
0001001101011110: 232 400 398 309
0001001101011110: 232 398 250 309
0001001101011110: 232 398 365 309
0001001101011110: 232 398 313 309
0001001101011110: 232 398 309 459
0001001101011110: 232 398 309 453
0001001101011110: 232 398 309 377
0001001101011110: 232 398 309 373
0001001101011110: 232 398 309 274
0001001101011110: 232 398 309 258
0001001101011110: 232 398 309 283
0001001101011110: 235 377 380 298
0001001101011110: 235 377 328 298
0001001101011110: 235 377 309 298
0001001101011110: 235 377 268 298
0001001101011110: 235 377 326 298
0001001101011110: 235 377 298 426
0001001101011110: 235 377 298 241
0001001101011110: 239 452 383 247
0001001101011110: 239 452 308 247
0001001101011110: 239 452 410 247
0001001101011110: 239 452 334 247
0001001101011110: 239 452 294 247
0001001101011110: 239 452 247 456
0001001101011110: 239 452 247 454
0001001101011110: 239 452 247 444
0001001101011110: 239 452 247 353
0001001101011110: 239 452 247 272
0001001101011110: 239 452 247 269
0001001101011110: 239 452 247 253
0001001101011110: 239 452 247 240
0001001101011110: 239 410 337 263
0001001101011110: 243 270 446 272
0001001101011110: 244 450 386 245
0001001101011110: 245 450 459 386
0001001101011110: 245 450 288 386
0001001101011110: 245 450 386 426
0001001101011110: 245 450 386 384
0001001101011110: 245 450 386 257
0001001101011110: 245 450 386 373
0001001101011110: 245 450 386 323
0001001101011110: 245 450 386 297
0001001101011110: 247 272 446 270
0001001101011110: 247 253 442 345
0001001101011110: 247 253 345 341
0001001101011110: 249 331 384 363
0001001101011110: 253 442 462 345
0001001101011110: 253 442 275 345
0001001101011110: 253 442 254 345
0001001101011110: 253 442 383 345
0001001101011110: 253 442 345 411
0001001101011110: 253 442 345 355
0001001101011110: 253 442 345 318
0001001101011110: 253 442 345 292
0001001101011110: 253 383 345 341
0001001101011110: 253 345 411 341
0001001101011110: 253 345 355 341
0001001101011110: 253 345 318 341
0001001101011110: 253 345 292 341
0001001101011110: 253 345 271 341
0001001101011110: 253 345 341 448
0001001101011110: 253 345 341 434
0001001101011110: 253 345 341 413
0001001101011110: 254 442 345 271
0001001101011110: 256 384 363 331
0001001101011110: 257 271 442 345
0001001101011110: 261 434 387 376
0001001101011110: 263 448 410 337
0001001101011110: 263 448 403 337
0001001101011110: 263 448 312 293
0001001101011110: 263 440 410 337
0001001101011110: 263 440 403 337
0001001101011110: 263 440 312 293
0001001101011110: 263 429 410 337
0001001101011110: 263 429 403 337
0001001101011110: 263 429 312 293
0001001101011110: 263 419 410 337
0001001101011110: 263 419 403 337
0001001101011110: 263 419 312 293
0001001101011110: 263 410 428 337
0001001101011110: 263 410 368 337
0001001101011110: 263 410 278 337
0001001101011110: 263 410 402 337
0001001101011110: 263 410 337 347
0001001101011110: 263 410 337 339
0001001101011110: 263 410 337 317
0001001101011110: 263 410 337 312
0001001101011110: 263 410 337 293
0001001101011110: 263 410 312 293
0001001101011110: 263 403 463 422
0001001101011110: 263 403 463 337
0001001101011110: 263 403 422 337
0001001101011110: 263 403 282 337
0001001101011110: 263 403 402 337
0001001101011110: 263 403 337 347
0001001101011110: 263 403 337 339
0001001101011110: 263 403 337 317
0001001101011110: 263 403 337 312
0001001101011110: 263 403 337 293
0001001101011110: 263 403 312 293
0001001101011110: 263 402 312 293
0001001101011110: 263 337 312 293
0001001101011110: 266 271 442 345
0001001101011110: 270 446 291 272
0001001101011110: 270 446 279 272
0001001101011110: 270 446 372 272
0001001101011110: 270 446 301 272
0001001101011110: 270 446 272 447
0001001101011110: 271 457 442 345
0001001101011110: 271 442 462 345
0001001101011110: 271 442 275 345
0001001101011110: 271 442 413 345
0001001101011110: 271 442 345 411
0001001101011110: 271 442 345 355
0001001101011110: 271 442 345 341
0001001101011110: 271 442 345 318
0001001101011110: 271 442 345 292
0001001101011110: 271 442 345 328
0001001101011110: 282 403 463 422
0001001101011110: 285 414 441 387
0001001101011110: 292 363 384 331
0001001101011110: 293 369 401 312
0001001101011110: 293 369 373 312
0001001101011110: 293 369 321 312
0001001101011110: 306 376 434 387
0001001101011110: 315 441 414 387
0001001101011110: 319 441 414 387
0001001101011110: 327 384 363 331
0001001101011110: 331 451 384 363
0001001101011110: 331 384 386 363
0001001101011110: 331 384 363 458
0001001101011110: 331 384 363 455
0001001101011110: 331 384 363 449
0001001101011110: 331 384 363 444
0001001101011110: 331 384 363 428
0001001101011110: 331 384 363 387
0001001101011110: 337 403 463 422
0001001101011110: 341 434 387 376
0001001101011110: 342 434 387 376
0001001101011110: 362 422 463 403
0001001101011110: 363 387 441 414
0001001101011110: 363 387 434 376
0001001101011110: 376 434 390 387
0001001101011110: 376 434 387 448
0001001101011110: 376 434 387 441
0001001101011110: 376 434 387 435
0001001101011110: 376 434 387 414
0001001101011110: 376 434 387 408
0001001101011110: 376 387 441 414
0001001101011110: 387 448 441 414
0001001101011110: 387 441 462 414
0001001101011110: 387 441 435 414
0001001101011110: 387 441 434 414
0001001101011110: 387 441 414 453
0001001101011110: 387 441 414 417
0001001101011110: 387 441 414 408
0001001101011110: 401 422 463 403
0001001101011110: 403 463 426 422
0001001101011110: 403 463 422 451
