0001001101011110: 1 93 45 39
0001001101011110: 1 93 64 10
0001001101011110: 1 64 86 68
0001001101011110: 1 64 86 10
0001001101011110: 1 64 75 10
0001001101011110: 1 64 68 53
0001001101011110: 1 64 68 10
0001001101011110: 1 64 53 7
0001001101011110: 1 64 53 10
0001001101011110: 1 64 38 10
0001001101011110: 1 64 24 10
0001001101011110: 1 64 18 10
0001001101011110: 1 64 7 10
0001001101011110: 1 64 30 10
0001001101011110: 1 64 14 10
0001001101011110: 1 64 13 10
0001001101011110: 1 64 10 99
0001001101011110: 1 64 10 77
0001001101011110: 1 64 10 56
0001001101011110: 1 64 10 55
0001001101011110: 1 64 10 23
0001001101011110: 1 64 10 15
0001001101011110: 1 64 10 5
0001001101011110: 1 13 92 40
0001001101011110: 1 13 92 16
0001001101011110: 1 13 60 42
0001001101011110: 1 13 40 33
0001001101011110: 2 13 92 40
0001001101011110: 2 13 92 16
0001001101011110: 2 13 60 42
0001001101011110: 2 13 40 33
0001001101011110: 3 65 31 9
0001001101011110: 3 31 82 9
0001001101011110: 3 31 53 9
0001001101011110: 3 31 24 9
0001001101011110: 3 31 9 86
0001001101011110: 3 31 9 84
0001001101011110: 3 31 9 73
0001001101011110: 3 31 9 57
0001001101011110: 3 31 9 28
0001001101011110: 3 9 86 73
0001001101011110: 3 9 84 73
0001001101011110: 5 81 92 34
0001001101011110: 6 90 93 18
0001001101011110: 6 90 85 18
0001001101011110: 6 90 47 18
0001001101011110: 6 90 27 18
0001001101011110: 6 90 80 18
0001001101011110: 6 90 79 18
0001001101011110: 6 90 72 18
0001001101011110: 6 90 68 18
0001001101011110: 6 90 68 8
0001001101011110: 6 90 45 18
0001001101011110: 6 90 41 18
0001001101011110: 6 90 30 18
0001001101011110: 6 90 18 64
0001001101011110: 6 90 18 52
0001001101011110: 6 90 18 35
0001001101011110: 6 90 18 20
0001001101011110: 6 90 18 14
0001001101011110: 6 80 83 51
0001001101011110: 6 80 68 8
0001001101011110: 6 80 18 8
0001001101011110: 6 79 89 74
0001001101011110: 6 79 63 25
0001001101011110: 6 79 68 8
0001001101011110: 6 79 18 8
0001001101011110: 6 72 68 8
0001001101011110: 6 72 18 8
0001001101011110: 6 68 100 8
0001001101011110: 6 68 87 8
0001001101011110: 6 68 86 64
0001001101011110: 6 68 86 56
0001001101011110: 6 68 86 29
0001001101011110: 6 68 64 53
0001001101011110: 6 68 64 8
0001001101011110: 6 68 56 29
0001001101011110: 6 68 56 8
0001001101011110: 6 68 53 8
0001001101011110: 6 68 35 32
0001001101011110: 6 68 35 29
0001001101011110: 6 68 35 8
0001001101011110: 6 68 32 8
0001001101011110: 6 68 29 8
0001001101011110: 6 68 45 8
0001001101011110: 6 68 41 8
0001001101011110: 6 68 30 8
0001001101011110: 6 68 8 95
0001001101011110: 6 68 8 94
0001001101011110: 6 68 8 91
0001001101011110: 6 68 8 63
0001001101011110: 6 68 8 50
0001001101011110: 6 68 8 24
0001001101011110: 6 68 8 21
0001001101011110: 6 45 93 39
0001001101011110: 6 45 18 8
0001001101011110: 6 41 62 46
0001001101011110: 6 41 43 27
0001001101011110: 6 41 18 8
0001001101011110: 6 30 18 8
0001001101011110: 6 18 64 8
0001001101011110: 6 18 35 8
0001001101011110: 6 18 20 8
0001001101011110: 6 18 14 8
0001001101011110: 6 18 8 95
0001001101011110: 6 18 8 94
0001001101011110: 6 18 8 91
0001001101011110: 6 18 8 86
0001001101011110: 6 18 8 63
0001001101011110: 6 18 8 50
0001001101011110: 6 18 8 24
0001001101011110: 6 18 8 21
0001001101011110: 6 8 91 50
0001001101011110: 6 8 91 21
0001001101011110: 7 70 95 34
0001001101011110: 7 70 91 34
0001001101011110: 7 70 32 34
0001001101011110: 7 70 64 53
0001001101011110: 7 70 64 34
0001001101011110: 7 70 53 34
0001001101011110: 7 70 50 34
0001001101011110: 7 70 37 34
0001001101011110: 7 70 34 96
0001001101011110: 7 70 34 92
0001001101011110: 7 70 34 82
0001001101011110: 7 70 34 81
0001001101011110: 7 70 34 74
0001001101011110: 7 70 34 65
0001001101011110: 7 70 34 44
0001001101011110: 7 70 34 14
0001001101011110: 7 64 86 68
0001001101011110: 7 64 86 53
0001001101011110: 7 64 75 53
0001001101011110: 7 64 38 53
0001001101011110: 7 64 24 53
0001001101011110: 7 64 18 53
0001001101011110: 7 64 10 53
0001001101011110: 7 64 53 78
0001001101011110: 7 64 53 58
0001001101011110: 7 64 53 31
0001001101011110: 7 64 53 20
0001001101011110: 7 64 53 50
0001001101011110: 7 64 53 37
0001001101011110: 7 64 53 34
0001001101011110: 7 64 53 17
0001001101011110: 7 64 53 14
0001001101011110: 7 64 34 17
0001001101011110: 7 53 34 17
0001001101011110: 7 50 98 16
0001001101011110: 7 50 91 8
0001001101011110: 7 50 42 32
0001001101011110: 7 50 34 17
0001001101011110: 7 37 34 17
0001001101011110: 7 34 96 17
0001001101011110: 7 34 92 81
0001001101011110: 7 34 92 17
0001001101011110: 7 34 82 17
0001001101011110: 7 34 81 17
0001001101011110: 7 34 74 17
0001001101011110: 7 34 65 17
0001001101011110: 7 34 44 17
0001001101011110: 7 34 17 86
0001001101011110: 7 34 17 63
0001001101011110: 7 34 17 57
0001001101011110: 7 34 17 33
0001001101011110: 7 34 17 22
0001001101011110: 7 34 17 14
0001001101011110: 8 95 97 59
0001001101011110: 8 95 91 50
0001001101011110: 8 95 91 21
0001001101011110: 8 95 86 68
0001001101011110: 8 95 68 52
0001001101011110: 8 95 52 18
0001001101011110: 8 94 74 28
0001001101011110: 8 94 91 50
0001001101011110: 8 94 91 21
0001001101011110: 8 94 86 68
0001001101011110: 8 94 68 52
0001001101011110: 8 94 52 18
0001001101011110: 8 91 93 50
0001001101011110: 8 91 93 21
0001001101011110: 8 91 80 50
0001001101011110: 8 91 80 21
0001001101011110: 8 91 76 50
0001001101011110: 8 91 76 21
0001001101011110: 8 91 70 50
0001001101011110: 8 91 70 21
0001001101011110: 8 91 67 50
0001001101011110: 8 91 67 21
0001001101011110: 8 91 26 50
0001001101011110: 8 91 26 21
0001001101011110: 8 91 86 68
0001001101011110: 8 91 86 50
0001001101011110: 8 91 86 21
0001001101011110: 8 91 68 52
0001001101011110: 8 91 68 50
0001001101011110: 8 91 68 21
0001001101011110: 8 91 63 50
0001001101011110: 8 91 63 21
0001001101011110: 8 91 52 50
0001001101011110: 8 91 52 21
0001001101011110: 8 91 52 18
0001001101011110: 8 91 50 98
0001001101011110: 8 91 50 97
0001001101011110: 8 91 50 85
0001001101011110: 8 91 50 83
0001001101011110: 8 91 50 79
0001001101011110: 8 91 50 72
0001001101011110: 8 91 50 69
0001001101011110: 8 91 50 56
0001001101011110: 8 91 50 42
0001001101011110: 8 91 50 32
0001001101011110: 8 91 50 16
0001001101011110: 8 91 50 24
0001001101011110: 8 91 50 18
0001001101011110: 8 91 24 21
0001001101011110: 8 91 21 66
0001001101011110: 8 91 21 35
0001001101011110: 8 91 21 28
0001001101011110: 8 91 21 11
0001001101011110: 8 91 21 18
0001001101011110: 8 86 98 68
0001001101011110: 8 86 85 68
0001001101011110: 8 86 73 9
0001001101011110: 8 86 73 68
0001001101011110: 8 86 66 68
0001001101011110: 8 86 58 68
0001001101011110: 8 86 56 29
0001001101011110: 8 86 37 68
0001001101011110: 8 86 20 68
0001001101011110: 8 86 17 68
0001001101011110: 8 86 12 68
0001001101011110: 8 86 9 68
0001001101011110: 8 86 68 100
0001001101011110: 8 86 68 87
0001001101011110: 8 86 68 53
0001001101011110: 8 86 68 35
0001001101011110: 8 86 68 32
0001001101011110: 8 86 68 63
0001001101011110: 8 86 68 50
0001001101011110: 8 86 68 24
0001001101011110: 8 86 68 21
0001001101011110: 8 86 68 18
0001001101011110: 8 86 52 18
0001001101011110: 8 68 100 52
0001001101011110: 8 68 87 52
0001001101011110: 8 68 64 53
0001001101011110: 8 68 64 52
0001001101011110: 8 68 56 29
0001001101011110: 8 68 56 52
0001001101011110: 8 68 53 52
0001001101011110: 8 68 35 32
0001001101011110: 8 68 35 29
0001001101011110: 8 68 35 52
0001001101011110: 8 68 32 52
0001001101011110: 8 68 29 52
0001001101011110: 8 68 63 52
0001001101011110: 8 68 52 84
0001001101011110: 8 68 52 57
0001001101011110: 8 68 52 16
0001001101011110: 8 68 52 50
0001001101011110: 8 68 52 24
0001001101011110: 8 68 52 21
0001001101011110: 8 63 79 25
0001001101011110: 8 63 52 18
0001001101011110: 8 52 84 18
0001001101011110: 8 52 57 18
0001001101011110: 8 52 16 18
0001001101011110: 8 52 50 18
0001001101011110: 8 52 24 18
0001001101011110: 8 52 21 18
0001001101011110: 8 52 18 90
0001001101011110: 8 52 18 64
0001001101011110: 8 52 18 35
0001001101011110: 8 52 18 20
0001001101011110: 8 52 18 14
0001001101011110: 8 50 98 16
0001001101011110: 8 50 42 32
0001001101011110: 8 24 66 47
0001001101011110: 9 87 98 31
0001001101011110: 9 87 68 31
0001001101011110: 9 87 59 39
0001001101011110: 9 87 59 31
0001001101011110: 9 87 39 31
0001001101011110: 9 87 27 31
0001001101011110: 9 87 86 73
0001001101011110: 9 87 86 31
0001001101011110: 9 87 84 73
0001001101011110: 9 87 84 31
0001001101011110: 9 87 73 31
0001001101011110: 9 87 57 31
0001001101011110: 9 87 31 82
0001001101011110: 9 87 31 53
0001001101011110: 9 87 31 24
0001001101011110: 9 87 31 28
0001001101011110: 9 86 98 73
0001001101011110: 9 86 85 73
0001001101011110: 9 86 68 64
0001001101011110: 9 86 68 56
0001001101011110: 9 86 68 29
0001001101011110: 9 86 68 73
0001001101011110: 9 86 66 73
0001001101011110: 9 86 64 73
0001001101011110: 9 86 58 73
0001001101011110: 9 86 56 29
0001001101011110: 9 86 56 73
0001001101011110: 9 86 37 73
0001001101011110: 9 86 29 73
0001001101011110: 9 86 20 73
0001001101011110: 9 86 17 73
0001001101011110: 9 86 12 73
0001001101011110: 9 86 73 74
0001001101011110: 9 86 73 49
0001001101011110: 9 86 73 57
0001001101011110: 9 86 73 31
0001001101011110: 9 86 73 28
0001001101011110: 9 84 62 26
0001001101011110: 9 84 62 73
0001001101011110: 9 84 61 73
0001001101011110: 9 84 56 73
0001001101011110: 9 84 52 73
0001001101011110: 9 84 33 73
0001001101011110: 9 84 26 73
0001001101011110: 9 84 11 73
0001001101011110: 9 84 73 74
0001001101011110: 9 84 73 57
0001001101011110: 9 84 73 31
0001001101011110: 9 84 73 28
0001001101011110: 9 28 94 74
0001001101011110: 10 64 86 68
0001001101011110: 10 64 68 53
0001001101011110: 10 56 86 68
0001001101011110: 10 56 86 29
0001001101011110: 10 56 68 29
0001001101011110: 10 55 100 46
0001001101011110: 11 84 73 49
0001001101011110: 11 84 62 26
0001001101011110: 11 63 79 25
0001001101011110: 11 24 66 47
0001001101011110: 12 96 59 26
0001001101011110: 12 86 68 64
0001001101011110: 12 86 68 56
0001001101011110: 12 86 68 29
0001001101011110: 12 86 56 29
0001001101011110: 12 86 59 26
0001001101011110: 12 76 59 26
0001001101011110: 12 72 59 26
0001001101011110: 12 59 97 95
0001001101011110: 12 59 97 26
0001001101011110: 12 59 95 26
0001001101011110: 12 59 87 39
0001001101011110: 12 59 87 26
0001001101011110: 12 59 85 26
0001001101011110: 12 59 83 51
0001001101011110: 12 59 83 26
0001001101011110: 12 59 51 26
0001001101011110: 12 59 39 26
0001001101011110: 12 59 37 26
0001001101011110: 12 59 28 26
0001001101011110: 12 59 26 91
0001001101011110: 12 59 26 84
0001001101011110: 12 59 26 69
0001001101011110: 12 59 26 62
0001001101011110: 12 59 26 30
0001001101011110: 12 59 26 13
0001001101011110: 12 26 84 62
0001001101011110: 12 13 92 40
0001001101011110: 12 13 92 16
0001001101011110: 12 13 60 42
0001001101011110: 12 13 40 33
0001001101011110: 13 92 100 40
0001001101011110: 13 92 100 16
0001001101011110: 13 92 94 40
0001001101011110: 13 92 94 16
0001001101011110: 13 92 88 40
0001001101011110: 13 92 88 16
0001001101011110: 13 92 81 34
0001001101011110: 13 92 81 40
0001001101011110: 13 92 81 16
0001001101011110: 13 92 34 40
0001001101011110: 13 92 34 16
0001001101011110: 13 92 60 42
0001001101011110: 13 92 60 40
0001001101011110: 13 92 60 16
0001001101011110: 13 92 49 40
0001001101011110: 13 92 49 16
0001001101011110: 13 92 42 40
0001001101011110: 13 92 42 16
0001001101011110: 13 92 41 40
0001001101011110: 13 92 41 16
0001001101011110: 13 92 40 89
0001001101011110: 13 92 40 66
0001001101011110: 13 92 40 65
0001001101011110: 13 92 40 62
0001001101011110: 13 92 40 54
0001001101011110: 13 92 40 28
0001001101011110: 13 92 40 22
0001001101011110: 13 92 33 16
0001001101011110: 13 92 28 16
0001001101011110: 13 92 22 16
0001001101011110: 13 92 16 99
0001001101011110: 13 92 16 98
0001001101011110: 13 92 16 71
0001001101011110: 13 92 16 52
0001001101011110: 13 92 16 51
0001001101011110: 13 92 16 50
0001001101011110: 13 60 98 42
0001001101011110: 13 60 85 42
0001001101011110: 13 60 78 42
0001001101011110: 13 60 43 42
0001001101011110: 13 60 49 42
0001001101011110: 13 60 42 96
0001001101011110: 13 60 42 58
0001001101011110: 13 60 42 50
0001001101011110: 13 60 42 47
0001001101011110: 13 60 42 32
0001001101011110: 13 60 42 41
0001001101011110: 13 60 42 40
0001001101011110: 13 60 42 33
0001001101011110: 13 60 42 28
0001001101011110: 13 60 42 22
0001001101011110: 13 60 42 16
0001001101011110: 13 60 40 33
0001001101011110: 13 49 84 73
0001001101011110: 13 49 40 33
0001001101011110: 13 42 50 32
0001001101011110: 13 42 40 33
0001001101011110: 13 41 62 46
0001001101011110: 13 41 43 27
0001001101011110: 13 41 40 33
0001001101011110: 13 40 89 54
0001001101011110: 13 40 89 33
0001001101011110: 13 40 66 62
0001001101011110: 13 40 66 33
0001001101011110: 13 40 65 33
0001001101011110: 13 40 62 33
0001001101011110: 13 40 54 33
0001001101011110: 13 40 33 84
0001001101011110: 13 40 33 43
0001001101011110: 13 40 33 17
0001001101011110: 13 40 33 28
0001001101011110: 13 40 33 22
0001001101011110: 13 40 33 16
0001001101011110: 13 28 94 74
0001001101011110: 13 22 78 27
0001001101011110: 13 16 98 50
0001001101011110: 14 56 86 68
0001001101011110: 14 56 86 29
0001001101011110: 14 56 68 29
0001001101011110: 14 55 100 46
0001001101011110: 14 39 93 45
0001001101011110: 14 39 87 59
0001001101011110: 16 99 98 50
0001001101011110: 16 98 88 50
0001001101011110: 16 98 87 50
0001001101011110: 16 98 86 50
0001001101011110: 16 98 60 50
0001001101011110: 16 98 19 50
0001001101011110: 16 98 92 50
0001001101011110: 16 98 71 50
0001001101011110: 16 98 52 50
0001001101011110: 16 98 51 50
0001001101011110: 16 98 50 97
0001001101011110: 16 98 50 91
0001001101011110: 16 98 50 85
0001001101011110: 16 98 50 83
0001001101011110: 16 98 50 79
0001001101011110: 16 98 50 72
0001001101011110: 16 98 50 69
0001001101011110: 16 98 50 56
0001001101011110: 16 98 50 42
0001001101011110: 16 98 50 32
0001001101011110: 16 92 81 34
0001001101011110: 16 51 89 74
0001001101011110: 16 51 83 80
0001001101011110: 16 51 83 59
0001001101011110: 16 50 42 32
0001001101011110: 17 86 68 64
0001001101011110: 17 86 68 56
0001001101011110: 17 86 68 29
0001001101011110: 17 86 56 29
0001001101011110: 17 63 79 25
0001001101011110: 17 34 92 81
0001001101011110: 17 22 78 27
0001001101011110: 18 64 86 68
0001001101011110: 18 64 68 53
0001001101011110: 18 35 68 32
0001001101011110: 18 35 68 29
0001001101011110: 18 35 48 32
0001001101011110: 19 94 74 28
0001001101011110: 19 47 66 24
0001001101011110: 20 89 79 74
0001001101011110: 20 89 74 51
0001001101011110: 20 89 54 40
0001001101011110: 20 86 68 64
0001001101011110: 20 86 68 56
0001001101011110: 20 86 68 29
0001001101011110: 20 86 56 29
0001001101011110: 20 83 80 51
0001001101011110: 20 83 59 51
0001001101011110: 20 81 92 34
0001001101011110: 20 53 68 64
0001001101011110: 20 43 54 27
0001001101011110: 20 43 41 27
0001001101011110: 21 66 62 40
0001001101011110: 21 66 47 24
0001001101011110: 21 35 68 32
0001001101011110: 21 35 68 29
0001001101011110: 21 35 48 32
0001001101011110: 21 28 94 74
0001001101011110: 22 96 78 27
0001001101011110: 22 79 89 74
0001001101011110: 22 79 63 25
0001001101011110: 22 79 78 27
0001001101011110: 22 78 76 27
0001001101011110: 22 78 60 27
0001001101011110: 22 78 55 27
0001001101011110: 22 78 53 27
0001001101011110: 22 78 32 27
0001001101011110: 22 78 51 27
0001001101011110: 22 78 27 90
0001001101011110: 22 78 27 88
0001001101011110: 22 78 27 87
0001001101011110: 22 78 27 54
0001001101011110: 22 78 27 43
0001001101011110: 22 78 27 41
0001001101011110: 22 78 27 24
0001001101011110: 22 51 89 74
0001001101011110: 22 51 83 80
0001001101011110: 22 51 83 59
0001001101011110: 22 27 54 43
0001001101011110: 22 27 43 41
0001001101011110: 22 24 66 47
0001001101011110: 23 41 62 46
0001001101011110: 23 41 43 27
0001001101011110: 24 80 83 51
0001001101011110: 24 80 66 47
0001001101011110: 24 66 94 47
0001001101011110: 24 66 86 47
0001001101011110: 24 66 62 40
0001001101011110: 24 66 62 47
0001001101011110: 24 66 40 47
0001001101011110: 24 66 36 47
0001001101011110: 24 66 30 47
0001001101011110: 24 66 64 47
0001001101011110: 24 66 47 90
0001001101011110: 24 66 47 43
0001001101011110: 24 66 47 42
0001001101011110: 24 66 47 32
0001001101011110: 24 66 47 31
0001001101011110: 24 66 47 29
0001001101011110: 24 64 86 68
0001001101011110: 24 64 68 53
0001001101011110: 24 32 68 35
0001001101011110: 24 32 50 42
0001001101011110: 24 32 48 35
0001001101011110: 24 29 86 68
0001001101011110: 24 29 86 56
0001001101011110: 24 29 68 56
0001001101011110: 24 29 68 35
0001001101011110: 25 97 95 59
0001001101011110: 25 97 79 63
0001001101011110: 25 79 89 74
0001001101011110: 25 79 89 63
0001001101011110: 25 79 74 63
0001001101011110: 25 79 71 63
0001001101011110: 25 79 58 63
0001001101011110: 25 79 50 63
0001001101011110: 25 79 76 63
0001001101011110: 25 79 63 93
0001001101011110: 25 79 63 81
0001001101011110: 25 79 63 75
0001001101011110: 25 79 63 49
0001001101011110: 25 79 63 48
0001001101011110: 25 79 63 29
0001001101011110: 26 91 84 62
0001001101011110: 26 84 73 49
0001001101011110: 26 84 73 62
0001001101011110: 26 84 61 62
0001001101011110: 26 84 56 62
0001001101011110: 26 84 52 62
0001001101011110: 26 84 49 62
0001001101011110: 26 84 33 62
0001001101011110: 26 84 69 62
0001001101011110: 26 84 62 66
0001001101011110: 26 84 62 46
0001001101011110: 26 84 62 44
0001001101011110: 26 84 62 41
0001001101011110: 26 84 62 40
0001001101011110: 26 84 62 59
0001001101011110: 26 84 62 30
0001001101011110: 26 62 66 40
0001001101011110: 26 62 46 41
0001001101011110: 26 59 97 95
0001001101011110: 26 59 87 39
0001001101011110: 26 59 83 51
0001001101011110: 27 90 54 43
0001001101011110: 27 90 43 41
0001001101011110: 27 88 54 43
0001001101011110: 27 88 43 41
0001001101011110: 27 87 59 39
0001001101011110: 27 87 54 43
0001001101011110: 27 87 43 41
0001001101011110: 27 78 54 43
0001001101011110: 27 78 43 41
0001001101011110: 27 54 89 40
0001001101011110: 27 54 89 43
0001001101011110: 27 54 40 43
0001001101011110: 27 54 43 75
0001001101011110: 27 54 43 67
0001001101011110: 27 54 43 60
0001001101011110: 27 54 43 55
0001001101011110: 27 54 43 47
0001001101011110: 27 54 43 33
0001001101011110: 27 43 75 41
0001001101011110: 27 43 67 41
0001001101011110: 27 43 60 41
0001001101011110: 27 43 55 41
0001001101011110: 27 43 47 41
0001001101011110: 27 43 33 41
0001001101011110: 27 43 41 77
0001001101011110: 27 43 41 62
0001001101011110: 27 43 41 46
0001001101011110: 27 41 62 46
0001001101011110: 28 94 92 74
0001001101011110: 28 94 83 74
0001001101011110: 28 94 67 74
0001001101011110: 28 94 66 74
0001001101011110: 28 94 82 74
0001001101011110: 28 94 74 99
0001001101011110: 28 94 74 89
0001001101011110: 28 94 74 79
0001001101011110: 28 94 74 73
0001001101011110: 28 94 74 51
0001001101011110: 28 94 74 34
0001001101011110: 28 94 74 59
0001001101011110: 28 94 74 32
0001001101011110: 28 74 89 79
0001001101011110: 28 74 89 51
0001001101011110: 28 59 97 95
0001001101011110: 28 59 87 39
0001001101011110: 28 59 83 51
0001001101011110: 28 32 68 35
0001001101011110: 28 32 50 42
0001001101011110: 28 32 48 35
0001001101011110: 29 96 86 68
0001001101011110: 29 96 86 56
0001001101011110: 29 96 68 56
0001001101011110: 29 96 68 35
0001001101011110: 29 86 98 68
0001001101011110: 29 86 98 56
0001001101011110: 29 86 85 68
0001001101011110: 29 86 85 56
0001001101011110: 29 86 73 68
0001001101011110: 29 86 73 56
0001001101011110: 29 86 66 68
0001001101011110: 29 86 66 56
0001001101011110: 29 86 64 56
0001001101011110: 29 86 58 68
0001001101011110: 29 86 58 56
0001001101011110: 29 86 37 68
0001001101011110: 29 86 37 56
0001001101011110: 29 86 68 100
0001001101011110: 29 86 68 87
0001001101011110: 29 86 68 53
0001001101011110: 29 86 68 52
0001001101011110: 29 86 68 32
0001001101011110: 29 86 68 65
0001001101011110: 29 86 68 63
0001001101011110: 29 86 65 56
0001001101011110: 29 86 63 56
0001001101011110: 29 86 56 84
0001001101011110: 29 86 56 51
0001001101011110: 29 86 56 50
0001001101011110: 29 86 56 35
0001001101011110: 29 68 100 56
0001001101011110: 29 68 100 35
0001001101011110: 29 68 87 56
0001001101011110: 29 68 87 35
0001001101011110: 29 68 64 53
0001001101011110: 29 68 64 56
0001001101011110: 29 68 64 35
0001001101011110: 29 68 53 56
0001001101011110: 29 68 53 35
0001001101011110: 29 68 52 56
0001001101011110: 29 68 52 35
0001001101011110: 29 68 32 56
0001001101011110: 29 68 65 56
0001001101011110: 29 68 65 35
0001001101011110: 29 68 63 56
0001001101011110: 29 68 63 35
0001001101011110: 29 68 56 84
0001001101011110: 29 68 56 51
0001001101011110: 29 68 56 50
0001001101011110: 29 68 35 88
0001001101011110: 29 68 35 48
0001001101011110: 29 35 48 32
0001001101011110: 30 66 62 40
0001001101011110: 31 87 59 39
0001001101011110: 31 53 68 64
0001001101011110: 32 78 68 35
0001001101011110: 32 78 50 42
0001001101011110: 32 78 48 35
0001001101011110: 32 70 68 35
0001001101011110: 32 70 50 42
0001001101011110: 32 70 48 35
0001001101011110: 32 68 100 35
0001001101011110: 32 68 87 35
0001001101011110: 32 68 86 64
0001001101011110: 32 68 86 56
0001001101011110: 32 68 86 35
0001001101011110: 32 68 64 53
0001001101011110: 32 68 64 35
0001001101011110: 32 68 56 35
0001001101011110: 32 68 53 35
0001001101011110: 32 68 52 35
0001001101011110: 32 68 57 35
0001001101011110: 32 68 50 42
0001001101011110: 32 68 50 35
0001001101011110: 32 68 42 35
0001001101011110: 32 68 39 35
0001001101011110: 32 68 35 88
0001001101011110: 32 57 50 42
0001001101011110: 32 57 48 35
0001001101011110: 32 50 98 42
0001001101011110: 32 50 97 42
0001001101011110: 32 50 91 42
0001001101011110: 32 50 85 42
0001001101011110: 32 50 83 42
0001001101011110: 32 50 79 42
0001001101011110: 32 50 72 42
0001001101011110: 32 50 69 42
0001001101011110: 32 50 56 42
0001001101011110: 32 50 48 42
0001001101011110: 32 50 48 35
0001001101011110: 32 50 42 96
0001001101011110: 32 50 42 60
0001001101011110: 32 50 42 58
0001001101011110: 32 50 42 47
0001001101011110: 32 50 42 39
0001001101011110: 32 50 42 35
0001001101011110: 32 48 100 35
0001001101011110: 32 48 95 35
0001001101011110: 32 48 63 35
0001001101011110: 32 48 42 35
0001001101011110: 32 48 39 35
0001001101011110: 32 48 35 88
0001001101011110: 32 39 93 45
0001001101011110: 32 39 87 59
0001001101011110: 33 84 73 49
0001001101011110: 33 40 89 54
0001001101011110: 33 40 66 62
0001001101011110: 34 96 92 81
0001001101011110: 34 92 100 81
0001001101011110: 34 92 94 81
0001001101011110: 34 92 88 81
0001001101011110: 34 92 40 81
0001001101011110: 34 92 82 81
0001001101011110: 34 92 81 63
0001001101011110: 34 92 81 74
0001001101011110: 34 92 81 70
0001001101011110: 34 92 81 65
0001001101011110: 34 92 81 44
0001001101011110: 34 74 89 79
0001001101011110: 34 74 89 51
0001001101011110: 35 68 86 64
0001001101011110: 35 68 86 56
0001001101011110: 35 68 64 53
0001001101011110: 36 66 62 40
0001001101011110: 37 86 68 64
0001001101011110: 37 86 68 56
0001001101011110: 37 59 97 95
0001001101011110: 37 59 87 39
0001001101011110: 37 59 83 51
0001001101011110: 38 64 86 68
0001001101011110: 38 64 68 53
0001001101011110: 39 93 91 45
0001001101011110: 39 93 90 45
0001001101011110: 39 93 63 45
0001001101011110: 39 93 87 59
0001001101011110: 39 93 87 45
0001001101011110: 39 93 59 45
0001001101011110: 39 93 45 82
0001001101011110: 39 93 45 77
0001001101011110: 39 93 45 67
0001001101011110: 39 87 98 59
0001001101011110: 39 87 68 59
0001001101011110: 39 87 59 97
0001001101011110: 39 87 59 95
0001001101011110: 39 87 59 85
0001001101011110: 39 87 59 83
0001001101011110: 39 87 59 51
0001001101011110: 39 87 59 45
0001001101011110: 39 59 97 95
0001001101011110: 39 59 83 51
0001001101011110: 40 92 89 54
0001001101011110: 40 92 66 62
0001001101011110: 40 89 96 54
0001001101011110: 40 89 88 54
0001001101011110: 40 89 79 74
0001001101011110: 40 89 79 54
0001001101011110: 40 89 74 51
0001001101011110: 40 89 74 54
0001001101011110: 40 89 51 54
0001001101011110: 40 89 66 62
0001001101011110: 40 89 66 54
0001001101011110: 40 89 65 54
0001001101011110: 40 89 62 54
0001001101011110: 40 89 54 43
0001001101011110: 40 66 94 62
0001001101011110: 40 66 86 62
0001001101011110: 40 66 47 62
0001001101011110: 40 66 65 62
0001001101011110: 40 66 62 84
0001001101011110: 40 66 62 46
0001001101011110: 40 66 62 44
0001001101011110: 40 66 62 41
0001001101011110: 40 66 62 54
0001001101011110: 40 62 46 41
0001001101011110: 41 77 62 46
0001001101011110: 41 62 84 46
0001001101011110: 41 62 66 46
0001001101011110: 41 62 44 46
0001001101011110: 41 62 46 100
0001001101011110: 41 62 46 96
0001001101011110: 41 62 46 55
0001001101011110: 41 62 46 43
0001001101011110: 41 46 100 55
0001001101011110: 43 55 100 46
0001001101011110: 46 100 92 55
0001001101011110: 46 100 77 55
0001001101011110: 46 100 68 55
0001001101011110: 46 100 48 55
0001001101011110: 46 100 96 55
0001001101011110: 46 100 62 55
0001001101011110: 46 100 55 97
0001001101011110: 46 100 55 78
0001001101011110: 46 100 55 71
0001001101011110: 48 95 97 59
0001001101011110: 49 84 62 73
0001001101011110: 49 84 61 73
0001001101011110: 49 84 56 73
0001001101011110: 49 84 52 73
0001001101011110: 49 84 73 86
0001001101011110: 49 84 73 74
0001001101011110: 49 84 73 63
0001001101011110: 50 97 95 59
0001001101011110: 50 83 80 51
0001001101011110: 50 83 59 51
0001001101011110: 50 79 89 74
0001001101011110: 50 56 86 68
0001001101011110: 51 89 96 74
0001001101011110: 51 89 88 74
0001001101011110: 51 89 54 74
0001001101011110: 51 89 83 80
0001001101011110: 51 89 83 74
0001001101011110: 51 89 83 59
0001001101011110: 51 89 80 74
0001001101011110: 51 89 75 74
0001001101011110: 51 89 74 99
0001001101011110: 51 89 74 94
0001001101011110: 51 89 74 73
0001001101011110: 51 89 74 59
0001001101011110: 51 89 74 56
0001001101011110: 51 83 99 80
0001001101011110: 51 83 99 59
0001001101011110: 51 83 94 80
0001001101011110: 51 83 94 59
0001001101011110: 51 83 88 80
0001001101011110: 51 83 88 59
0001001101011110: 51 83 57 80
0001001101011110: 51 83 57 59
0001001101011110: 51 83 80 91
0001001101011110: 51 83 80 65
0001001101011110: 51 83 80 75
0001001101011110: 51 83 80 74
0001001101011110: 51 83 80 56
0001001101011110: 51 83 75 59
0001001101011110: 51 83 74 59
0001001101011110: 51 83 59 97
0001001101011110: 51 83 59 95
0001001101011110: 51 83 59 87
0001001101011110: 51 83 59 85
0001001101011110: 51 83 59 56
0001001101011110: 51 59 97 95
0001001101011110: 51 56 86 68
0001001101011110: 52 68 86 64
0001001101011110: 52 68 86 56
0001001101011110: 52 68 64 53
0001001101011110: 53 78 68 64
0001001101011110: 53 68 100 64
0001001101011110: 53 68 87 64
0001001101011110: 53 68 86 56
0001001101011110: 53 68 56 64
0001001101011110: 53 68 64 75
0001001101011110: 53 68 64 58
0001001101011110: 54 89 79 74
0001001101011110: 55 97 95 59
0001001101011110: 56 86 98 68
0001001101011110: 56 86 85 68
0001001101011110: 56 86 73 68
0001001101011110: 56 86 66 68
0001001101011110: 56 86 58 68
0001001101011110: 56 86 84 68
0001001101011110: 56 86 68 100
0001001101011110: 56 86 68 87
0001001101011110: 57 95 97 59
0001001101011110: 58 86 68 64
0001001101011110: 58 79 89 74
0001001101011110: 59 97 95 70
0001001101011110: 59 97 95 87
0001001101011110: 59 97 95 85
0001001101011110: 59 97 95 83
0001001101011110: 63 79 89 74
0001001101011110: 64 86 98 68
0001001101011110: 64 86 85 68
0001001101011110: 64 86 73 68
0001001101011110: 64 86 66 68
0001001101011110: 64 86 75 68
0001001101011110: 64 86 68 100
0001001101011110: 64 86 68 87
0001001101011110: 71 79 89 74
0001001101011110: 73 74 89 79
0001001101011110: 74 99 89 79
0001001101011110: 74 94 89 79
0001001101011110: 74 89 96 79
0001001101011110: 74 89 88 79
