0001001101011110: 1 96 86 48
0001001101011110: 1 96 76 48
0001001101011110: 1 96 63 48
0001001101011110: 1 96 55 48
0001001101011110: 1 96 29 48
0001001101011110: 1 96 88 48
0001001101011110: 1 96 88 11
0001001101011110: 1 96 73 48
0001001101011110: 1 96 48 51
0001001101011110: 1 96 48 47
0001001101011110: 1 96 48 3
0001001101011110: 1 96 48 46
0001001101011110: 1 96 48 42
0001001101011110: 1 96 48 14
0001001101011110: 1 96 48 11
0001001101011110: 1 88 79 11
0001001101011110: 1 88 73 11
0001001101011110: 1 88 48 11
0001001101011110: 1 88 46 11
0001001101011110: 1 88 42 11
0001001101011110: 1 88 14 11
0001001101011110: 1 88 11 77
0001001101011110: 1 88 11 49
0001001101011110: 1 88 11 47
0001001101011110: 1 88 11 23
0001001101011110: 1 73 84 53
0001001101011110: 1 73 84 19
0001001101011110: 1 73 53 26
0001001101011110: 1 46 66 2
0001001101011110: 1 46 22 18
0001001101011110: 1 42 99 71
0001001101011110: 1 42 82 16
0001001101011110: 1 42 16 9
0001001101011110: 1 14 91 52
0001001101011110: 1 14 91 36
0001001101011110: 1 11 77 27
0001001101011110: 1 11 49 47
0001001101011110: 2 92 95 79
0001001101011110: 2 92 72 25
0001001101011110: 2 92 72 79
0001001101011110: 2 92 69 25
0001001101011110: 2 92 67 16
0001001101011110: 2 92 67 79
0001001101011110: 2 92 25 79
0001001101011110: 2 92 16 79
0001001101011110: 2 92 7 79
0001001101011110: 2 92 79 100
0001001101011110: 2 92 79 93
0001001101011110: 2 92 79 88
0001001101011110: 2 92 79 81
0001001101011110: 2 92 79 57
0001001101011110: 2 92 79 40
0001001101011110: 2 92 79 39
0001001101011110: 2 92 79 36
0001001101011110: 2 92 79 35
0001001101011110: 2 92 79 33
0001001101011110: 2 92 79 21
0001001101011110: 2 92 79 20
0001001101011110: 2 92 79 12
0001001101011110: 2 92 79 9
0001001101011110: 2 92 79 66
0001001101011110: 2 92 79 56
0001001101011110: 2 92 79 46
0001001101011110: 2 92 79 23
0001001101011110: 2 92 79 15
0001001101011110: 2 92 79 13
0001001101011110: 2 92 66 46
0001001101011110: 2 92 56 23
0001001101011110: 2 79 93 40
0001001101011110: 2 79 81 36
0001001101011110: 2 79 81 12
0001001101011110: 2 79 57 33
0001001101011110: 2 79 40 39
0001001101011110: 2 79 36 21
0001001101011110: 2 79 20 9
0001001101011110: 2 79 66 46
0001001101011110: 2 79 56 23
0001001101011110: 2 66 93 46
0001001101011110: 2 66 87 46
0001001101011110: 2 66 70 46
0001001101011110: 2 66 62 46
0001001101011110: 2 66 43 46
0001001101011110: 2 66 32 46
0001001101011110: 2 66 56 46
0001001101011110: 2 66 56 23
0001001101011110: 2 66 46 39
0001001101011110: 2 66 46 38
0001001101011110: 2 66 46 29
0001001101011110: 2 66 46 22
0001001101011110: 2 66 46 18
0001001101011110: 2 66 46 23
0001001101011110: 2 66 46 15
0001001101011110: 2 66 46 13
0001001101011110: 2 56 95 23
0001001101011110: 2 56 90 23
0001001101011110: 2 56 75 23
0001001101011110: 2 56 5 23
0001001101011110: 2 56 46 23
0001001101011110: 2 56 23 100
0001001101011110: 2 56 23 83
0001001101011110: 2 56 23 81
0001001101011110: 2 56 23 69
0001001101011110: 2 56 23 68
0001001101011110: 2 56 23 64
0001001101011110: 2 56 23 62
0001001101011110: 2 56 23 43
0001001101011110: 2 56 23 40
0001001101011110: 2 56 23 38
0001001101011110: 2 56 23 12
0001001101011110: 2 56 23 11
0001001101011110: 2 56 23 15
0001001101011110: 2 56 23 13
0001001101011110: 2 46 22 18
0001001101011110: 2 23 100 68
0001001101011110: 2 23 81 43
0001001101011110: 2 23 81 12
0001001101011110: 2 23 69 64
0001001101011110: 2 23 43 38
0001001101011110: 2 13 98 83
0001001101011110: 2 13 98 68
0001001101011110: 4 77 27 11
0001001101011110: 4 31 64 55
0001001101011110: 4 31 47 43
0001001101011110: 4 31 43 24
0001001101011110: 5 80 62 33
0001001101011110: 5 71 99 42
0001001101011110: 5 71 62 33
0001001101011110: 5 68 100 98
0001001101011110: 5 68 100 23
0001001101011110: 5 68 98 13
0001001101011110: 5 68 62 33
0001001101011110: 5 65 62 33
0001001101011110: 5 62 66 33
0001001101011110: 5 62 53 26
0001001101011110: 5 62 53 33
0001001101011110: 5 62 51 7
0001001101011110: 5 62 51 33
0001001101011110: 5 62 37 33
0001001101011110: 5 62 26 33
0001001101011110: 5 62 23 33
0001001101011110: 5 62 7 33
0001001101011110: 5 62 56 33
0001001101011110: 5 62 39 33
0001001101011110: 5 62 36 33
0001001101011110: 5 62 34 33
0001001101011110: 5 62 33 79
0001001101011110: 5 62 33 64
0001001101011110: 5 62 33 57
0001001101011110: 5 62 33 18
0001001101011110: 5 56 23 21
0001001101011110: 5 39 79 40
0001001101011110: 5 36 94 17
0001001101011110: 5 36 91 14
0001001101011110: 5 36 81 79
0001001101011110: 5 36 79 21
0001001101011110: 5 36 41 17
0001001101011110: 5 34 99 26
0001001101011110: 5 34 67 38
0001001101011110: 5 33 79 57
0001001101011110: 5 18 63 7
0001001101011110: 5 18 46 22
0001001101011110: 6 85 78 76
0001001101011110: 6 85 81 43
0001001101011110: 6 81 79 36
0001001101011110: 6 81 79 12
0001001101011110: 6 81 79 43
0001001101011110: 6 81 36 43
0001001101011110: 6 81 23 12
0001001101011110: 6 81 12 43
0001001101011110: 6 81 65 43
0001001101011110: 6 81 50 43
0001001101011110: 6 81 43 77
0001001101011110: 6 81 43 74
0001001101011110: 6 81 43 66
0001001101011110: 6 81 43 59
0001001101011110: 6 81 43 47
0001001101011110: 6 81 43 38
0001001101011110: 6 81 43 31
0001001101011110: 6 81 43 24
0001001101011110: 6 81 43 32
0001001101011110: 6 43 47 38
0001001101011110: 6 43 47 31
0001001101011110: 6 43 38 23
0001001101011110: 6 43 31 24
0001001101011110: 6 32 45 44
0001001101011110: 7 100 98 68
0001001101011110: 7 100 68 23
0001001101011110: 7 100 63 18
0001001101011110: 7 100 62 51
0001001101011110: 7 100 51 30
0001001101011110: 7 92 79 69
0001001101011110: 7 92 72 25
0001001101011110: 7 92 69 25
0001001101011110: 7 92 67 16
0001001101011110: 7 92 63 18
0001001101011110: 7 92 62 51
0001001101011110: 7 92 51 30
0001001101011110: 7 63 96 18
0001001101011110: 7 63 71 18
0001001101011110: 7 63 58 18
0001001101011110: 7 63 39 18
0001001101011110: 7 63 34 18
0001001101011110: 7 63 24 18
0001001101011110: 7 63 62 51
0001001101011110: 7 63 62 18
0001001101011110: 7 63 51 30
0001001101011110: 7 63 51 18
0001001101011110: 7 63 30 18
0001001101011110: 7 63 18 74
0001001101011110: 7 63 18 52
0001001101011110: 7 63 18 46
0001001101011110: 7 63 18 31
0001001101011110: 7 63 18 22
0001001101011110: 7 63 18 15
0001001101011110: 7 62 66 51
0001001101011110: 7 62 53 26
0001001101011110: 7 62 53 51
0001001101011110: 7 62 37 51
0001001101011110: 7 62 33 51
0001001101011110: 7 62 26 51
0001001101011110: 7 62 23 51
0001001101011110: 7 62 51 61
0001001101011110: 7 62 51 60
0001001101011110: 7 62 51 48
0001001101011110: 7 62 51 15
0001001101011110: 7 62 51 10
0001001101011110: 7 62 51 18
0001001101011110: 7 51 61 30
0001001101011110: 7 51 60 30
0001001101011110: 7 51 48 30
0001001101011110: 7 51 15 30
0001001101011110: 7 51 30 93
0001001101011110: 7 51 30 77
0001001101011110: 7 51 30 42
0001001101011110: 7 51 30 31
0001001101011110: 7 51 30 18
0001001101011110: 7 18 46 22
0001001101011110: 8 82 42 16
0001001101011110: 8 58 95 17
0001001101011110: 8 58 93 91
0001001101011110: 8 14 91 52
0001001101011110: 8 14 91 36
0001001101011110: 9 97 98 75
0001001101011110: 9 97 98 20
0001001101011110: 9 97 32 20
0001001101011110: 9 97 31 20
0001001101011110: 9 97 94 20
0001001101011110: 9 97 60 20
0001001101011110: 9 97 42 20
0001001101011110: 9 97 42 16
0001001101011110: 9 97 20 90
0001001101011110: 9 97 20 37
0001001101011110: 9 97 20 25
0001001101011110: 9 97 20 24
0001001101011110: 9 97 20 16
0001001101011110: 9 94 36 17
0001001101011110: 9 94 79 20
0001001101011110: 9 94 42 16
0001001101011110: 9 79 100 20
0001001101011110: 9 79 93 40
0001001101011110: 9 79 93 20
0001001101011110: 9 79 92 69
0001001101011110: 9 79 92 20
0001001101011110: 9 79 88 20
0001001101011110: 9 79 81 36
0001001101011110: 9 79 81 12
0001001101011110: 9 79 81 20
0001001101011110: 9 79 69 20
0001001101011110: 9 79 57 33
0001001101011110: 9 79 57 20
0001001101011110: 9 79 40 39
0001001101011110: 9 79 40 20
0001001101011110: 9 79 39 20
0001001101011110: 9 79 36 21
0001001101011110: 9 79 36 20
0001001101011110: 9 79 35 20
0001001101011110: 9 79 33 20
0001001101011110: 9 79 21 20
0001001101011110: 9 79 12 20
0001001101011110: 9 79 60 20
0001001101011110: 9 79 42 20
0001001101011110: 9 79 42 16
0001001101011110: 9 79 20 90
0001001101011110: 9 79 20 75
0001001101011110: 9 79 20 37
0001001101011110: 9 79 20 25
0001001101011110: 9 79 20 24
0001001101011110: 9 79 20 16
0001001101011110: 9 60 42 16
0001001101011110: 9 42 99 71
0001001101011110: 9 42 99 16
0001001101011110: 9 42 80 16
0001001101011110: 9 42 72 16
0001001101011110: 9 42 71 16
0001001101011110: 9 42 32 16
0001001101011110: 9 42 30 16
0001001101011110: 9 42 13 16
0001001101011110: 9 42 20 16
0001001101011110: 9 42 16 92
0001001101011110: 9 42 16 67
0001001101011110: 9 20 75 24
0001001101011110: 9 16 92 67
0001001101011110: 10 99 93 26
0001001101011110: 10 99 90 26
0001001101011110: 10 99 83 26
0001001101011110: 10 99 71 42
0001001101011110: 10 99 71 26
0001001101011110: 10 99 68 26
0001001101011110: 10 99 42 26
0001001101011110: 10 99 31 26
0001001101011110: 10 99 17 26
0001001101011110: 10 99 78 26
0001001101011110: 10 99 51 30
0001001101011110: 10 99 51 26
0001001101011110: 10 99 49 26
0001001101011110: 10 99 30 26
0001001101011110: 10 99 26 86
0001001101011110: 10 99 26 73
0001001101011110: 10 99 26 62
0001001101011110: 10 99 26 53
0001001101011110: 10 99 26 28
0001001101011110: 10 99 26 22
0001001101011110: 10 78 85 76
0001001101011110: 10 78 76 67
0001001101011110: 10 78 51 30
0001001101011110: 10 51 62 30
0001001101011110: 10 51 61 30
0001001101011110: 10 51 60 30
0001001101011110: 10 51 48 30
0001001101011110: 10 51 15 30
0001001101011110: 10 51 49 30
0001001101011110: 10 51 30 93
0001001101011110: 10 51 30 77
0001001101011110: 10 51 30 42
0001001101011110: 10 51 30 31
0001001101011110: 10 51 30 26
0001001101011110: 10 51 30 22
0001001101011110: 10 49 47 11
0001001101011110: 10 26 73 53
0001001101011110: 10 26 62 53
0001001101011110: 10 22 75 53
0001001101011110: 10 22 69 64
0001001101011110: 10 22 53 47
0001001101011110: 10 22 46 18
0001001101011110: 11 88 79 27
0001001101011110: 11 88 49 47
0001001101011110: 11 88 49 27
0001001101011110: 11 88 47 27
0001001101011110: 11 88 27 75
0001001101011110: 11 88 27 31
0001001101011110: 11 88 27 23
0001001101011110: 11 77 86 27
0001001101011110: 11 77 85 27
0001001101011110: 11 77 72 27
0001001101011110: 11 77 43 27
0001001101011110: 11 77 35 27
0001001101011110: 11 77 30 27
0001001101011110: 11 77 49 47
0001001101011110: 11 77 49 27
0001001101011110: 11 77 47 27
0001001101011110: 11 77 27 75
0001001101011110: 11 77 27 31
0001001101011110: 11 77 27 23
0001001101011110: 11 49 98 47
0001001101011110: 11 49 67 47
0001001101011110: 11 49 55 47
0001001101011110: 11 49 47 94
0001001101011110: 11 49 47 53
0001001101011110: 11 49 47 48
0001001101011110: 11 49 47 43
0001001101011110: 11 49 47 38
0001001101011110: 11 49 47 32
0001001101011110: 11 49 47 31
0001001101011110: 11 49 47 22
0001001101011110: 11 49 47 15
0001001101011110: 11 49 47 27
0001001101011110: 11 49 47 23
0001001101011110: 11 47 53 38
0001001101011110: 11 47 53 22
0001001101011110: 11 47 43 38
0001001101011110: 11 47 43 31
0001001101011110: 11 23 100 68
0001001101011110: 11 23 81 43
0001001101011110: 11 23 81 12
0001001101011110: 11 23 69 64
0001001101011110: 11 23 56 21
0001001101011110: 11 23 43 38
0001001101011110: 12 81 43 79
0001001101011110: 12 81 36 23
0001001101011110: 12 81 79 100
0001001101011110: 12 81 79 93
0001001101011110: 12 81 79 92
0001001101011110: 12 81 79 88
0001001101011110: 12 81 79 69
0001001101011110: 12 81 79 57
0001001101011110: 12 81 79 40
0001001101011110: 12 81 79 39
0001001101011110: 12 81 79 35
0001001101011110: 12 81 79 33
0001001101011110: 12 81 79 21
0001001101011110: 12 81 79 20
0001001101011110: 12 81 23 100
0001001101011110: 12 81 23 83
0001001101011110: 12 81 23 69
0001001101011110: 12 81 23 68
0001001101011110: 12 81 23 64
0001001101011110: 12 81 23 62
0001001101011110: 12 81 23 56
0001001101011110: 12 81 23 40
0001001101011110: 12 81 23 38
0001001101011110: 12 81 23 21
0001001101011110: 12 79 93 40
0001001101011110: 12 79 92 69
0001001101011110: 12 79 57 33
0001001101011110: 12 79 40 39
0001001101011110: 12 79 36 21
0001001101011110: 12 23 100 68
0001001101011110: 12 23 69 64
0001001101011110: 12 23 56 21
0001001101011110: 12 23 43 38
0001001101011110: 13 98 100 83
0001001101011110: 13 98 97 75
0001001101011110: 13 98 97 83
0001001101011110: 13 98 97 68
0001001101011110: 13 98 80 83
0001001101011110: 13 98 80 68
0001001101011110: 13 98 75 35
0001001101011110: 13 98 75 83
0001001101011110: 13 98 75 68
0001001101011110: 13 98 49 83
0001001101011110: 13 98 49 68
0001001101011110: 13 98 41 35
0001001101011110: 13 98 41 83
0001001101011110: 13 98 41 68
0001001101011110: 13 98 40 83
0001001101011110: 13 98 40 68
0001001101011110: 13 98 35 83
0001001101011110: 13 98 35 68
0001001101011110: 13 98 83 99
0001001101011110: 13 98 83 89
0001001101011110: 13 98 83 87
0001001101011110: 13 98 83 86
0001001101011110: 13 98 83 84
0001001101011110: 13 98 83 82
0001001101011110: 13 98 83 54
0001001101011110: 13 98 83 37
0001001101011110: 13 98 83 23
0001001101011110: 13 98 83 19
0001001101011110: 13 98 83 45
0001001101011110: 13 98 83 42
0001001101011110: 13 98 83 39
0001001101011110: 13 98 83 24
0001001101011110: 13 98 68 99
0001001101011110: 13 98 68 91
0001001101011110: 13 98 68 67
0001001101011110: 13 98 68 44
0001001101011110: 13 98 68 37
0001001101011110: 13 98 68 23
0001001101011110: 13 98 68 45
0001001101011110: 13 98 68 42
0001001101011110: 13 98 68 39
0001001101011110: 13 98 68 24
0001001101011110: 13 83 89 84
0001001101011110: 13 83 87 86
0001001101011110: 13 83 87 54
0001001101011110: 13 83 84 19
0001001101011110: 13 68 100 23
0001001101011110: 13 45 44 32
0001001101011110: 13 42 99 71
0001001101011110: 13 42 82 16
0001001101011110: 13 39 79 40
0001001101011110: 13 24 75 20
0001001101011110: 13 24 43 31
0001001101011110: 14 91 93 58
0001001101011110: 14 91 93 52
0001001101011110: 14 91 93 36
0001001101011110: 14 91 68 52
0001001101011110: 14 91 68 36
0001001101011110: 14 91 58 52
0001001101011110: 14 91 58 36
0001001101011110: 14 91 53 52
0001001101011110: 14 91 53 36
0001001101011110: 14 91 31 52
0001001101011110: 14 91 31 36
0001001101011110: 14 91 60 52
0001001101011110: 14 91 60 36
0001001101011110: 14 91 54 52
0001001101011110: 14 91 54 36
0001001101011110: 14 91 52 82
0001001101011110: 14 91 52 18
0001001101011110: 14 91 36 94
0001001101011110: 14 91 36 81
0001001101011110: 14 91 36 79
0001001101011110: 14 91 36 61
0001001101011110: 14 91 36 41
0001001101011110: 14 91 36 21
0001001101011110: 14 91 36 17
0001001101011110: 14 54 87 83
0001001101011110: 14 36 94 17
0001001101011110: 14 36 81 79
0001001101011110: 14 36 79 21
0001001101011110: 14 36 41 17
0001001101011110: 15 47 53 38
0001001101011110: 15 47 53 22
0001001101011110: 15 47 43 38
0001001101011110: 15 47 43 31
0001001101011110: 15 44 45 32
0001001101011110: 15 39 79 40
0001001101011110: 15 18 46 22
0001001101011110: 16 92 95 67
0001001101011110: 16 92 79 69
0001001101011110: 16 92 79 67
0001001101011110: 16 92 72 25
0001001101011110: 16 92 72 67
0001001101011110: 16 92 69 25
0001001101011110: 16 92 69 67
0001001101011110: 16 92 25 67
0001001101011110: 16 92 82 67
0001001101011110: 16 92 82 42
0001001101011110: 16 92 67 78
0001001101011110: 16 92 67 76
0001001101011110: 16 92 67 68
0001001101011110: 16 92 67 49
0001001101011110: 16 92 67 38
0001001101011110: 16 92 67 34
0001001101011110: 16 92 67 42
0001001101011110: 16 82 83 42
0001001101011110: 16 82 52 42
0001001101011110: 16 82 50 42
0001001101011110: 16 82 39 42
0001001101011110: 16 82 35 42
0001001101011110: 16 82 67 42
0001001101011110: 16 82 42 99
0001001101011110: 16 82 42 80
0001001101011110: 16 82 42 72
0001001101011110: 16 82 42 71
0001001101011110: 16 82 42 32
0001001101011110: 16 82 42 30
0001001101011110: 16 67 78 76
0001001101011110: 16 67 38 34
0001001101011110: 16 42 99 71
0001001101011110: 17 99 71 42
0001001101011110: 17 99 34 26
0001001101011110: 17 99 95 58
0001001101011110: 17 99 94 36
0001001101011110: 17 99 41 36
0001001101011110: 17 95 92 58
0001001101011110: 17 95 61 58
0001001101011110: 17 95 56 58
0001001101011110: 17 95 39 58
0001001101011110: 17 95 29 58
0001001101011110: 17 95 94 58
0001001101011110: 17 95 94 36
0001001101011110: 17 95 89 58
0001001101011110: 17 95 76 58
0001001101011110: 17 95 58 93
0001001101011110: 17 95 58 91
0001001101011110: 17 95 58 63
0001001101011110: 17 95 58 59
0001001101011110: 17 95 58 55
0001001101011110: 17 95 58 41
0001001101011110: 17 95 58 36
0001001101011110: 17 95 58 24
0001001101011110: 17 95 41 36
0001001101011110: 17 94 57 36
0001001101011110: 17 94 47 36
0001001101011110: 17 94 45 36
0001001101011110: 17 94 89 36
0001001101011110: 17 94 76 36
0001001101011110: 17 94 58 36
0001001101011110: 17 94 55 36
0001001101011110: 17 94 36 91
0001001101011110: 17 94 36 81
0001001101011110: 17 94 36 79
0001001101011110: 17 94 36 61
0001001101011110: 17 94 36 21
0001001101011110: 17 94 36 24
0001001101011110: 17 89 84 83
0001001101011110: 17 89 84 40
0001001101011110: 17 89 41 36
0001001101011110: 17 76 85 78
0001001101011110: 17 76 78 67
0001001101011110: 17 76 41 36
0001001101011110: 17 58 93 91
0001001101011110: 17 58 41 36
0001001101011110: 17 55 64 31
0001001101011110: 17 55 41 36
0001001101011110: 17 41 98 35
0001001101011110: 17 41 98 36
0001001101011110: 17 41 93 36
0001001101011110: 17 41 90 36
0001001101011110: 17 41 74 36
0001001101011110: 17 41 64 36
0001001101011110: 17 41 35 36
0001001101011110: 17 41 36 91
0001001101011110: 17 41 36 81
0001001101011110: 17 41 36 79
0001001101011110: 17 41 36 61
0001001101011110: 17 41 36 21
0001001101011110: 17 41 36 24
0001001101011110: 17 36 81 79
0001001101011110: 17 36 79 21
0001001101011110: 17 24 75 20
0001001101011110: 17 24 43 31
0001001101011110: 18 74 46 22
0001001101011110: 18 63 46 22
0001001101011110: 18 52 46 22
0001001101011110: 18 46 66 22
0001001101011110: 18 46 39 22
0001001101011110: 18 46 38 22
0001001101011110: 18 46 29 22
0001001101011110: 18 46 31 22
0001001101011110: 18 46 22 75
0001001101011110: 18 46 22 69
0001001101011110: 18 46 22 64
0001001101011110: 18 46 22 57
0001001101011110: 18 46 22 53
0001001101011110: 18 46 22 47
0001001101011110: 18 31 64 55
0001001101011110: 18 31 47 43
0001001101011110: 18 31 43 24
0001001101011110: 18 22 75 53
0001001101011110: 18 22 69 64
0001001101011110: 18 22 53 47
0001001101011110: 19 84 89 40
0001001101011110: 19 84 89 73
0001001101011110: 19 84 69 64
0001001101011110: 19 84 69 83
0001001101011110: 19 84 69 73
0001001101011110: 19 84 64 61
0001001101011110: 19 84 64 83
0001001101011110: 19 84 64 73
0001001101011110: 19 84 61 83
0001001101011110: 19 84 61 73
0001001101011110: 19 84 59 83
0001001101011110: 19 84 59 73
0001001101011110: 19 84 57 83
0001001101011110: 19 84 57 73
0001001101011110: 19 84 53 83
0001001101011110: 19 84 40 83
0001001101011110: 19 84 40 73
0001001101011110: 19 84 83 99
0001001101011110: 19 84 83 98
0001001101011110: 19 84 83 87
0001001101011110: 19 84 83 86
0001001101011110: 19 84 83 82
0001001101011110: 19 84 83 54
0001001101011110: 19 84 83 37
0001001101011110: 19 84 83 23
0001001101011110: 19 84 83 72
0001001101011110: 19 84 83 35
0001001101011110: 19 84 73 32
0001001101011110: 19 84 73 29
0001001101011110: 19 84 73 26
0001001101011110: 19 84 73 72
0001001101011110: 19 84 73 35
0001001101011110: 19 83 87 86
0001001101011110: 19 83 87 54
0001001101011110: 19 73 53 26
0001001101011110: 19 72 92 25
0001001101011110: 19 35 98 75
0001001101011110: 19 35 98 41
0001001101011110: 20 97 32 75
0001001101011110: 20 97 31 75
0001001101011110: 20 97 90 75
0001001101011110: 20 97 79 75
0001001101011110: 20 97 75 76
0001001101011110: 20 97 75 56
0001001101011110: 20 97 75 53
0001001101011110: 20 97 75 35
0001001101011110: 20 97 75 27
0001001101011110: 20 97 75 22
0001001101011110: 20 97 75 37
0001001101011110: 20 97 75 25
0001001101011110: 20 90 75 24
0001001101011110: 20 79 93 40
0001001101011110: 20 79 92 69
0001001101011110: 20 79 81 36
0001001101011110: 20 79 57 33
0001001101011110: 20 79 40 39
0001001101011110: 20 79 36 21
0001001101011110: 20 79 75 24
0001001101011110: 20 75 98 35
0001001101011110: 20 75 98 24
0001001101011110: 20 75 76 24
0001001101011110: 20 75 56 24
0001001101011110: 20 75 53 22
0001001101011110: 20 75 53 24
0001001101011110: 20 75 35 24
0001001101011110: 20 75 27 24
0001001101011110: 20 75 22 24
0001001101011110: 20 75 37 24
0001001101011110: 20 75 25 24
0001001101011110: 20 75 24 100
0001001101011110: 20 75 24 93
0001001101011110: 20 75 24 65
0001001101011110: 20 75 24 63
0001001101011110: 20 75 24 60
0001001101011110: 20 75 24 57
0001001101011110: 20 75 24 43
0001001101011110: 20 75 24 31
0001001101011110: 20 25 92 72
0001001101011110: 20 25 92 69
0001001101011110: 20 24 43 31
0001001101011110: 21 79 100 36
0001001101011110: 21 79 93 40
0001001101011110: 21 79 93 36
0001001101011110: 21 79 92 69
0001001101011110: 21 79 92 36
0001001101011110: 21 79 88 36
0001001101011110: 21 79 69 36
0001001101011110: 21 79 57 33
0001001101011110: 21 79 57 36
0001001101011110: 21 79 40 39
0001001101011110: 21 79 40 36
0001001101011110: 21 79 39 36
0001001101011110: 21 79 35 36
0001001101011110: 21 79 33 36
0001001101011110: 21 79 78 36
0001001101011110: 21 79 60 36
0001001101011110: 21 79 56 36
0001001101011110: 21 79 56 23
0001001101011110: 21 79 54 36
0001001101011110: 21 79 53 36
0001001101011110: 21 79 36 94
0001001101011110: 21 79 36 91
0001001101011110: 21 79 36 61
0001001101011110: 21 79 36 41
0001001101011110: 21 79 36 31
0001001101011110: 21 79 36 23
0001001101011110: 21 78 85 76
0001001101011110: 21 78 76 67
0001001101011110: 21 78 56 23
0001001101011110: 21 60 56 23
0001001101011110: 21 56 95 23
0001001101011110: 21 56 90 23
0001001101011110: 21 56 75 23
0001001101011110: 21 56 54 23
0001001101011110: 21 56 53 23
0001001101011110: 21 56 36 23
0001001101011110: 21 56 31 23
0001001101011110: 21 56 23 100
0001001101011110: 21 56 23 83
0001001101011110: 21 56 23 81
0001001101011110: 21 56 23 69
0001001101011110: 21 56 23 68
0001001101011110: 21 56 23 64
0001001101011110: 21 56 23 62
0001001101011110: 21 56 23 43
0001001101011110: 21 56 23 40
0001001101011110: 21 56 23 38
0001001101011110: 21 54 87 83
0001001101011110: 21 53 84 73
0001001101011110: 21 53 75 22
0001001101011110: 21 53 73 26
0001001101011110: 21 53 62 26
0001001101011110: 21 53 47 38
0001001101011110: 21 53 47 22
0001001101011110: 21 31 64 55
0001001101011110: 21 31 47 43
0001001101011110: 21 31 43 24
0001001101011110: 21 23 100 68
0001001101011110: 21 23 81 43
0001001101011110: 21 23 69 64
0001001101011110: 21 23 43 38
0001001101011110: 22 75 98 97
0001001101011110: 22 75 98 35
0001001101011110: 22 75 98 53
0001001101011110: 22 75 97 53
0001001101011110: 22 75 76 53
0001001101011110: 22 75 56 53
0001001101011110: 22 75 35 53
0001001101011110: 22 75 27 53
0001001101011110: 22 75 24 53
0001001101011110: 22 75 69 64
0001001101011110: 22 75 69 53
0001001101011110: 22 75 64 53
0001001101011110: 22 75 57 53
0001001101011110: 22 75 53 91
0001001101011110: 22 75 53 84
0001001101011110: 22 75 53 73
0001001101011110: 22 75 53 62
0001001101011110: 22 75 53 38
0001001101011110: 22 75 53 26
0001001101011110: 22 75 53 46
0001001101011110: 22 69 92 79
0001001101011110: 22 69 92 25
0001001101011110: 22 69 92 64
0001001101011110: 22 69 79 64
0001001101011110: 22 69 65 64
0001001101011110: 22 69 25 64
0001001101011110: 22 69 64 76
0001001101011110: 22 69 64 61
0001001101011110: 22 69 64 55
0001001101011110: 22 69 64 41
0001001101011110: 22 69 64 33
0001001101011110: 22 69 64 31
0001001101011110: 22 69 64 57
0001001101011110: 22 69 64 53
0001001101011110: 22 69 64 47
0001001101011110: 22 69 64 46
0001001101011110: 22 69 53 47
0001001101011110: 22 64 84 61
0001001101011110: 22 64 55 31
0001001101011110: 22 64 53 47
0001001101011110: 22 57 79 33
0001001101011110: 22 57 53 47
0001001101011110: 22 53 91 47
0001001101011110: 22 53 84 73
0001001101011110: 22 53 84 47
0001001101011110: 22 53 73 26
0001001101011110: 22 53 73 47
0001001101011110: 22 53 62 26
0001001101011110: 22 53 62 47
0001001101011110: 22 53 26 47
0001001101011110: 22 53 47 94
0001001101011110: 22 53 47 49
0001001101011110: 22 53 47 48
0001001101011110: 22 53 47 43
0001001101011110: 22 53 47 32
0001001101011110: 22 53 47 31
0001001101011110: 22 53 47 46
0001001101011110: 22 47 43 38
0001001101011110: 22 47 43 31
0001001101011110: 23 100 79 68
0001001101011110: 23 100 24 68
0001001101011110: 23 100 83 68
0001001101011110: 23 100 81 68
0001001101011110: 23 100 81 43
0001001101011110: 23 100 69 68
0001001101011110: 23 100 69 64
0001001101011110: 23 100 68 99
0001001101011110: 23 100 68 91
0001001101011110: 23 100 68 67
0001001101011110: 23 100 68 44
0001001101011110: 23 100 68 37
0001001101011110: 23 100 68 64
0001001101011110: 23 100 68 62
0001001101011110: 23 100 68 56
0001001101011110: 23 100 68 43
0001001101011110: 23 100 68 40
0001001101011110: 23 100 68 38
0001001101011110: 23 100 43 38
0001001101011110: 23 83 89 84
0001001101011110: 23 83 87 86
0001001101011110: 23 83 87 54
0001001101011110: 23 83 81 43
0001001101011110: 23 83 69 64
0001001101011110: 23 83 43 38
0001001101011110: 23 81 79 36
0001001101011110: 23 81 79 43
0001001101011110: 23 81 36 43
0001001101011110: 23 81 69 64
0001001101011110: 23 81 69 43
0001001101011110: 23 81 68 43
0001001101011110: 23 81 64 43
0001001101011110: 23 81 62 43
0001001101011110: 23 81 56 43
0001001101011110: 23 81 43 77
0001001101011110: 23 81 43 74
0001001101011110: 23 81 43 66
0001001101011110: 23 81 43 59
0001001101011110: 23 81 43 47
0001001101011110: 23 81 43 31
0001001101011110: 23 81 43 24
0001001101011110: 23 81 43 40
0001001101011110: 23 69 92 79
0001001101011110: 23 69 92 25
0001001101011110: 23 69 92 64
0001001101011110: 23 69 79 64
0001001101011110: 23 69 65 64
0001001101011110: 23 69 25 64
0001001101011110: 23 69 68 64
0001001101011110: 23 69 64 76
0001001101011110: 23 69 64 61
0001001101011110: 23 69 64 55
0001001101011110: 23 69 64 41
0001001101011110: 23 69 64 33
0001001101011110: 23 69 64 31
0001001101011110: 23 69 64 62
0001001101011110: 23 69 64 56
0001001101011110: 23 69 64 43
0001001101011110: 23 69 64 40
0001001101011110: 23 69 64 38
0001001101011110: 23 69 43 38
0001001101011110: 23 68 43 38
0001001101011110: 23 64 84 61
0001001101011110: 23 64 55 31
0001001101011110: 23 64 43 38
0001001101011110: 23 62 53 26
0001001101011110: 23 62 43 38
0001001101011110: 23 56 43 38
0001001101011110: 23 43 77 38
0001001101011110: 23 43 74 38
0001001101011110: 23 43 66 38
0001001101011110: 23 43 59 38
0001001101011110: 23 43 47 31
0001001101011110: 23 43 31 24
0001001101011110: 23 43 31 38
0001001101011110: 23 43 24 38
0001001101011110: 23 43 40 38
0001001101011110: 23 43 38 67
0001001101011110: 23 43 38 54
0001001101011110: 23 43 38 53
0001001101011110: 23 43 38 46
0001001101011110: 23 43 38 34
0001001101011110: 23 40 93 79
0001001101011110: 23 40 89 84
0001001101011110: 23 40 79 39
0001001101011110: 23 38 67 34
0001001101011110: 23 38 53 47
0001001101011110: 24 100 98 68
0001001101011110: 24 100 43 31
0001001101011110: 24 93 91 58
0001001101011110: 24 93 79 40
0001001101011110: 24 93 43 31
0001001101011110: 24 75 98 97
0001001101011110: 24 75 98 35
0001001101011110: 24 75 43 31
0001001101011110: 24 65 43 31
0001001101011110: 24 63 43 31
0001001101011110: 24 60 43 31
0001001101011110: 24 57 79 33
0001001101011110: 24 57 43 31
0001001101011110: 24 43 81 31
0001001101011110: 24 43 77 31
0001001101011110: 24 43 74 31
0001001101011110: 24 43 66 31
0001001101011110: 24 43 59 31
0001001101011110: 24 43 47 38
0001001101011110: 24 43 38 31
0001001101011110: 24 43 31 99
0001001101011110: 24 43 31 97
0001001101011110: 24 43 31 91
0001001101011110: 24 43 31 64
0001001101011110: 24 43 31 55
0001001101011110: 24 43 31 50
0001001101011110: 24 43 31 39
0001001101011110: 24 43 31 30
0001001101011110: 24 43 31 27
0001001101011110: 24 31 64 55
0001001101011110: 25 92 95 72
0001001101011110: 25 92 95 69
0001001101011110: 25 92 79 72
0001001101011110: 25 92 67 72
0001001101011110: 25 92 67 69
0001001101011110: 25 92 72 77
0001001101011110: 25 92 72 42
0001001101011110: 25 92 72 34
0001001101011110: 25 92 72 50
0001001101011110: 25 92 69 84
0001001101011110: 25 92 69 65
0001001101011110: 25 92 69 64
0001001101011110: 25 92 69 50
0001001101011110: 25 69 84 64
0001001101011110: 26 99 93 34
0001001101011110: 26 99 90 34
0001001101011110: 26 99 83 34
0001001101011110: 26 99 71 42
0001001101011110: 26 99 71 34
0001001101011110: 26 99 68 34
0001001101011110: 26 99 42 34
0001001101011110: 26 99 31 34
0001001101011110: 26 99 86 34
0001001101011110: 26 99 73 53
0001001101011110: 26 99 73 34
0001001101011110: 26 99 62 53
0001001101011110: 26 99 62 34
0001001101011110: 26 99 53 34
0001001101011110: 26 99 34 72
0001001101011110: 26 99 34 67
0001001101011110: 26 99 34 63
0001001101011110: 26 99 34 38
0001001101011110: 26 99 34 28
0001001101011110: 26 86 87 83
0001001101011110: 26 86 73 53
0001001101011110: 26 86 62 53
0001001101011110: 26 73 32 53
0001001101011110: 26 73 29 53
0001001101011110: 26 73 53 91
0001001101011110: 26 73 53 75
0001001101011110: 26 73 53 47
0001001101011110: 26 73 53 38
0001001101011110: 26 73 53 34
0001001101011110: 26 73 53 28
0001001101011110: 26 62 66 53
0001001101011110: 26 62 51 53
0001001101011110: 26 62 37 53
0001001101011110: 26 62 33 53
0001001101011110: 26 62 53 91
0001001101011110: 26 62 53 84
0001001101011110: 26 62 53 75
0001001101011110: 26 62 53 47
0001001101011110: 26 62 53 38
0001001101011110: 26 62 53 34
0001001101011110: 26 62 53 28
0001001101011110: 26 53 47 38
0001001101011110: 26 34 67 38
0001001101011110: 27 75 98 97
0001001101011110: 27 75 98 35
0001001101011110: 27 31 64 55
0001001101011110: 27 31 47 43
0001001101011110: 28 76 85 78
0001001101011110: 28 76 78 67
0001001101011110: 29 73 84 53
0001001101011110: 30 93 91 58
0001001101011110: 30 93 79 40
0001001101011110: 30 42 99 71
0001001101011110: 30 31 64 55
0001001101011110: 30 31 47 43
0001001101011110: 31 99 71 42
0001001101011110: 31 99 64 55
0001001101011110: 31 99 47 43
0001001101011110: 31 97 98 75
0001001101011110: 31 97 64 55
0001001101011110: 31 97 47 43
0001001101011110: 31 91 93 58
0001001101011110: 31 91 64 55
0001001101011110: 31 91 47 43
0001001101011110: 31 64 84 69
0001001101011110: 31 64 84 61
0001001101011110: 31 64 84 55
0001001101011110: 31 64 76 55
0001001101011110: 31 64 69 55
0001001101011110: 31 64 61 55
0001001101011110: 31 64 41 55
0001001101011110: 31 64 33 55
0001001101011110: 31 64 55 96
0001001101011110: 31 64 55 49
0001001101011110: 31 64 55 32
0001001101011110: 31 64 55 50
0001001101011110: 31 64 55 47
0001001101011110: 31 64 55 43
0001001101011110: 31 64 55 39
0001001101011110: 31 64 47 43
0001001101011110: 31 55 47 43
0001001101011110: 31 50 47 43
0001001101011110: 31 47 94 43
0001001101011110: 31 47 53 38
0001001101011110: 31 47 53 43
0001001101011110: 31 47 49 43
0001001101011110: 31 47 48 43
0001001101011110: 31 47 32 43
0001001101011110: 31 47 43 81
0001001101011110: 31 47 43 77
0001001101011110: 31 47 43 74
0001001101011110: 31 47 43 66
0001001101011110: 31 47 43 59
0001001101011110: 31 47 43 39
0001001101011110: 31 39 79 40
0001001101011110: 32 97 98 75
0001001101011110: 32 97 45 44
0001001101011110: 32 73 84 53
0001001101011110: 32 73 45 44
0001001101011110: 32 66 45 44
0001001101011110: 32 60 45 44
0001001101011110: 32 55 45 44
0001001101011110: 32 47 53 38
0001001101011110: 32 47 43 38
0001001101011110: 32 47 45 44
0001001101011110: 32 45 94 44
0001001101011110: 32 45 44 68
0001001101011110: 32 45 44 40
0001001101011110: 32 45 44 42
0001001101011110: 32 42 99 71
0001001101011110: 33 79 100 57
0001001101011110: 33 79 93 40
0001001101011110: 33 79 93 57
0001001101011110: 33 79 92 69
0001001101011110: 33 79 92 57
0001001101011110: 33 79 88 57
0001001101011110: 33 79 81 36
0001001101011110: 33 79 81 57
0001001101011110: 33 79 69 57
0001001101011110: 33 79 40 39
0001001101011110: 33 79 40 57
0001001101011110: 33 79 39 57
0001001101011110: 33 79 36 57
0001001101011110: 33 79 35 57
0001001101011110: 33 79 64 57
0001001101011110: 33 79 62 57
0001001101011110: 33 79 57 94
0001001101011110: 33 79 57 84
0001001101011110: 33 79 57 74
0001001101011110: 33 64 84 69
0001001101011110: 33 64 84 61
0001001101011110: 34 99 71 42
0001001101011110: 34 99 67 38
0001001101011110: 34 72 67 38
0001001101011110: 34 67 92 38
0001001101011110: 34 67 78 76
0001001101011110: 34 67 78 38
0001001101011110: 34 67 76 38
0001001101011110: 34 67 68 38
0001001101011110: 34 67 49 38
0001001101011110: 34 67 63 38
0001001101011110: 34 67 38 54
0001001101011110: 34 67 38 53
0001001101011110: 34 67 38 47
0001001101011110: 34 67 38 46
0001001101011110: 34 67 38 43
0001001101011110: 34 38 53 47
0001001101011110: 34 38 47 43
0001001101011110: 35 98 100 68
0001001101011110: 35 98 100 75
0001001101011110: 35 98 100 41
0001001101011110: 35 98 97 41
0001001101011110: 35 98 83 75
0001001101011110: 35 98 83 41
0001001101011110: 35 98 80 75
0001001101011110: 35 98 80 41
0001001101011110: 35 98 68 75
0001001101011110: 35 98 68 41
0001001101011110: 35 98 49 75
0001001101011110: 35 98 49 41
0001001101011110: 35 98 40 75
0001001101011110: 35 98 40 41
0001001101011110: 35 98 82 75
0001001101011110: 35 98 82 41
0001001101011110: 35 98 79 75
0001001101011110: 35 98 79 41
0001001101011110: 35 98 77 75
0001001101011110: 35 98 77 41
0001001101011110: 35 98 75 76
0001001101011110: 35 98 75 56
0001001101011110: 35 98 75 53
0001001101011110: 35 98 41 93
0001001101011110: 35 98 41 90
0001001101011110: 35 98 41 74
0001001101011110: 35 98 41 64
0001001101011110: 35 98 41 36
0001001101011110: 35 79 93 40
0001001101011110: 35 79 92 69
0001001101011110: 35 79 81 36
0001001101011110: 35 79 40 39
0001001101011110: 36 94 81 79
0001001101011110: 36 91 93 58
0001001101011110: 36 91 81 79
0001001101011110: 36 81 43 79
0001001101011110: 36 81 79 100
0001001101011110: 36 81 79 93
0001001101011110: 36 81 79 92
0001001101011110: 36 81 79 88
0001001101011110: 36 81 79 69
0001001101011110: 36 81 79 57
0001001101011110: 36 81 79 40
0001001101011110: 36 81 79 39
0001001101011110: 36 81 79 61
0001001101011110: 36 81 79 41
0001001101011110: 36 79 93 40
0001001101011110: 36 79 92 69
0001001101011110: 36 79 40 39
0001001101011110: 36 61 84 64
0001001101011110: 37 83 89 84
0001001101011110: 37 83 87 86
0001001101011110: 37 83 87 54
0001001101011110: 37 68 100 98
0001001101011110: 38 67 78 76
0001001101011110: 38 67 53 47
0001001101011110: 38 67 47 43
0001001101011110: 38 54 87 83
0001001101011110: 38 54 53 47
0001001101011110: 38 54 47 43
0001001101011110: 38 53 91 47
0001001101011110: 38 53 84 73
0001001101011110: 38 53 84 47
0001001101011110: 38 53 75 47
0001001101011110: 38 53 73 47
0001001101011110: 38 53 62 47
0001001101011110: 38 53 47 94
0001001101011110: 38 53 47 49
0001001101011110: 38 53 47 48
0001001101011110: 38 53 47 46
0001001101011110: 38 47 94 43
0001001101011110: 38 47 49 43
0001001101011110: 38 47 48 43
0001001101011110: 38 47 46 43
0001001101011110: 38 47 43 81
0001001101011110: 38 47 43 77
0001001101011110: 38 47 43 74
0001001101011110: 38 47 43 66
0001001101011110: 38 47 43 59
0001001101011110: 39 95 79 40
0001001101011110: 39 90 79 40
0001001101011110: 39 82 79 40
0001001101011110: 39 79 100 40
0001001101011110: 39 79 92 69
0001001101011110: 39 79 92 40
0001001101011110: 39 79 88 40
0001001101011110: 39 79 81 40
0001001101011110: 39 79 69 40
0001001101011110: 39 79 57 40
0001001101011110: 39 79 63 40
0001001101011110: 39 79 46 40
0001001101011110: 39 79 40 98
0001001101011110: 39 79 40 89
0001001101011110: 39 79 40 84
0001001101011110: 39 79 40 54
0001001101011110: 39 79 40 44
0001001101011110: 39 40 89 84
0001001101011110: 40 98 100 68
0001001101011110: 40 98 97 75
0001001101011110: 40 98 93 79
0001001101011110: 40 98 89 84
0001001101011110: 40 93 99 79
0001001101011110: 40 93 91 58
0001001101011110: 40 93 91 79
0001001101011110: 40 93 66 79
0001001101011110: 40 93 58 79
0001001101011110: 40 93 41 79
0001001101011110: 40 93 89 84
0001001101011110: 40 93 89 79
0001001101011110: 40 93 84 79
0001001101011110: 40 93 79 100
0001001101011110: 40 93 79 92
0001001101011110: 40 93 79 88
0001001101011110: 40 93 79 81
0001001101011110: 40 93 79 69
0001001101011110: 40 93 79 57
0001001101011110: 40 93 79 54
0001001101011110: 40 93 79 44
0001001101011110: 40 89 90 84
0001001101011110: 40 89 65 84
0001001101011110: 40 89 84 73
0001001101011110: 40 89 84 69
0001001101011110: 40 89 84 64
0001001101011110: 40 89 84 61
0001001101011110: 40 89 84 59
0001001101011110: 40 89 84 57
0001001101011110: 40 89 84 53
0001001101011110: 40 89 84 79
0001001101011110: 40 89 84 54
0001001101011110: 40 89 84 44
0001001101011110: 40 84 73 53
0001001101011110: 40 84 69 64
0001001101011110: 40 84 64 61
0001001101011110: 40 79 92 69
0001001101011110: 40 54 87 83
0001001101011110: 41 98 100 68
0001001101011110: 41 98 97 75
0001001101011110: 41 93 91 58
0001001101011110: 41 64 84 69
0001001101011110: 41 64 84 61
0001001101011110: 42 99 93 71
0001001101011110: 42 99 90 71
0001001101011110: 42 99 83 71
0001001101011110: 42 99 68 71
0001001101011110: 42 99 82 71
0001001101011110: 42 99 80 71
0001001101011110: 42 99 72 71
0001001101011110: 42 99 71 63
0001001101011110: 44 68 100 98
0001001101011110: 47 53 84 73
0001001101011110: 49 98 100 68
0001001101011110: 49 98 97 75
0001001101011110: 49 67 78 76
0001001101011110: 51 61 84 64
0001001101011110: 52 91 93 58
0001001101011110: 53 91 93 58
0001001101011110: 53 91 84 73
0001001101011110: 53 84 89 83
0001001101011110: 53 84 89 73
0001001101011110: 53 84 83 73
0001001101011110: 53 84 69 64
0001001101011110: 53 84 69 73
0001001101011110: 53 84 64 61
0001001101011110: 53 84 64 73
0001001101011110: 53 84 61 73
0001001101011110: 53 84 59 73
0001001101011110: 53 84 57 73
0001001101011110: 53 84 75 73
0001001101011110: 53 84 73 62
0001001101011110: 53 75 98 97
0001001101011110: 54 87 66 83
0001001101011110: 54 87 83 99
0001001101011110: 54 87 83 98
0001001101011110: 54 87 83 89
0001001101011110: 54 87 83 84
0001001101011110: 54 87 83 82
0001001101011110: 54 87 83 80
0001001101011110: 54 83 89 84
0001001101011110: 55 64 84 69
0001001101011110: 55 64 84 61
0001001101011110: 56 75 98 97
0001001101011110: 57 84 89 83
0001001101011110: 57 84 69 64
0001001101011110: 57 84 64 61
0001001101011110: 57 79 92 69
0001001101011110: 58 95 93 91
0001001101011110: 58 93 99 91
0001001101011110: 58 93 79 91
0001001101011110: 58 93 66 91
0001001101011110: 58 93 91 68
0001001101011110: 58 93 91 63
0001001101011110: 58 93 91 59
0001001101011110: 59 84 89 83
0001001101011110: 59 84 69 64
0001001101011110: 59 84 64 61
0001001101011110: 61 95 84 64
0001001101011110: 61 85 78 76
0001001101011110: 61 85 84 64
0001001101011110: 61 84 89 83
0001001101011110: 61 84 89 64
0001001101011110: 61 84 83 64
0001001101011110: 61 84 73 64
0001001101011110: 61 84 80 64
0001001101011110: 61 84 64 76
0001001101011110: 64 84 89 83
0001001101011110: 64 84 89 69
0001001101011110: 64 84 83 69
0001001101011110: 64 84 73 69
0001001101011110: 64 84 76 69
0001001101011110: 64 84 69 92
0001001101011110: 64 84 69 79
0001001101011110: 64 84 69 65
0001001101011110: 64 76 85 78
0001001101011110: 64 76 78 67
0001001101011110: 64 69 92 79
0001001101011110: 65 89 84 83
0001001101011110: 65 69 92 79
0001001101011110: 66 87 86 83
0001001101011110: 67 92 79 69
0001001101011110: 67 92 78 76
0001001101011110: 67 78 80 76
0001001101011110: 67 78 76 96
0001001101011110: 67 78 76 75
0001001101011110: 67 78 76 68
0001001101011110: 67 68 100 98
0001001101011110: 68 100 79 98
0001001101011110: 68 100 99 98
0001001101011110: 68 100 98 97
0001001101011110: 68 100 98 83
0001001101011110: 68 100 98 80
0001001101011110: 68 100 98 75
0001001101011110: 68 100 98 91
0001001101011110: 68 98 97 75
0001001101011110: 69 92 95 79
0001001101011110: 69 92 72 79
0001001101011110: 69 92 84 79
0001001101011110: 69 92 79 100
0001001101011110: 69 92 79 93
0001001101011110: 69 92 79 88
0001001101011110: 69 92 79 81
0001001101011110: 69 84 89 83
0001001101011110: 73 84 89 83
0001001101011110: 75 98 100 97
0001001101011110: 75 98 83 97
0001001101011110: 75 98 80 97
0001001101011110: 75 98 97 76
0001001101011110: 75 76 85 78
0001001101011110: 76 96 85 78
0001001101011110: 76 85 77 78
0001001101011110: 76 85 78 80
0001001101011110: 77 86 87 83
0001001101011110: 82 83 89 84
0001001101011110: 82 83 87 86
0001001101011110: 83 99 89 84
0001001101011110: 83 99 87 86
0001001101011110: 83 98 89 84
0001001101011110: 83 98 87 86
0001001101011110: 83 89 90 84
0001001101011110: 83 89 87 86
0001001101011110: 83 89 87 84
0001001101011110: 83 89 86 84
0001001101011110: 83 87 86 96
0001001101011110: 83 87 86 84
