0001001101011110: 1 213 132 118
0001001101011110: 1 122 200 76
0001001101011110: 1 122 200 46
0001001101011110: 1 122 174 17
0001001101011110: 2 188 75 44
0001001101011110: 2 174 151 111
0001001101011110: 2 174 151 15
0001001101011110: 2 174 122 17
0001001101011110: 2 174 75 44
0001001101011110: 2 79 206 114
0001001101011110: 2 79 97 35
0001001101011110: 2 79 75 44
0001001101011110: 2 75 205 44
0001001101011110: 2 75 183 44
0001001101011110: 2 75 147 44
0001001101011110: 2 75 138 44
0001001101011110: 2 75 120 44
0001001101011110: 2 75 112 44
0001001101011110: 2 75 78 44
0001001101011110: 2 75 49 44
0001001101011110: 2 75 20 44
0001001101011110: 2 75 70 44
0001001101011110: 2 75 44 202
0001001101011110: 2 75 44 191
0001001101011110: 2 75 44 171
0001001101011110: 2 75 44 98
0001001101011110: 2 75 44 91
0001001101011110: 2 75 44 82
0001001101011110: 2 75 44 52
0001001101011110: 2 75 44 41
0001001101011110: 2 75 44 36
0001001101011110: 2 75 44 32
0001001101011110: 2 44 82 41
0001001101011110: 3 208 186 5
0001001101011110: 3 208 186 128
0001001101011110: 3 208 92 128
0001001101011110: 3 208 9 128
0001001101011110: 3 208 5 128
0001001101011110: 3 208 4 128
0001001101011110: 3 208 197 128
0001001101011110: 3 208 197 45
0001001101011110: 3 208 128 151
0001001101011110: 3 208 128 108
0001001101011110: 3 208 128 107
0001001101011110: 3 208 128 94
0001001101011110: 3 208 128 80
0001001101011110: 3 208 128 27
0001001101011110: 3 208 128 88
0001001101011110: 3 208 128 84
0001001101011110: 3 208 128 76
0001001101011110: 3 208 128 59
0001001101011110: 3 208 128 45
0001001101011110: 3 208 128 42
0001001101011110: 3 208 88 84
0001001101011110: 3 208 45 42
0001001101011110: 3 197 206 45
0001001101011110: 3 197 188 45
0001001101011110: 3 197 186 86
0001001101011110: 3 197 186 45
0001001101011110: 3 197 135 45
0001001101011110: 3 197 86 45
0001001101011110: 3 197 66 45
0001001101011110: 3 197 54 45
0001001101011110: 3 197 128 45
0001001101011110: 3 197 88 84
0001001101011110: 3 197 88 45
0001001101011110: 3 197 84 45
0001001101011110: 3 197 76 45
0001001101011110: 3 197 59 45
0001001101011110: 3 197 45 184
0001001101011110: 3 197 45 183
0001001101011110: 3 197 45 157
0001001101011110: 3 197 45 138
0001001101011110: 3 197 45 36
0001001101011110: 3 128 151 27
0001001101011110: 3 128 108 25
0001001101011110: 3 128 88 84
0001001101011110: 3 128 45 42
0001001101011110: 3 88 115 84
0001001101011110: 3 88 43 84
0001001101011110: 3 88 18 84
0001001101011110: 3 88 84 189
0001001101011110: 3 88 84 94
0001001101011110: 3 88 84 92
0001001101011110: 3 88 84 39
0001001101011110: 3 88 84 14
0001001101011110: 3 88 84 7
0001001101011110: 3 88 84 76
0001001101011110: 3 88 84 59
0001001101011110: 3 88 84 45
0001001101011110: 3 88 84 42
0001001101011110: 3 88 45 42
0001001101011110: 3 84 45 42
0001001101011110: 3 76 200 122
0001001101011110: 3 76 45 42
0001001101011110: 3 59 45 42
0001001101011110: 3 45 184 42
0001001101011110: 3 45 183 42
0001001101011110: 3 45 157 42
0001001101011110: 3 45 138 42
0001001101011110: 3 45 36 42
0001001101011110: 3 45 42 205
0001001101011110: 3 45 42 188
0001001101011110: 3 45 42 145
0001001101011110: 3 45 42 135
0001001101011110: 3 45 42 106
0001001101011110: 3 45 42 103
0001001101011110: 3 45 42 62
0001001101011110: 4 208 186 5
0001001101011110: 4 208 128 25
0001001101011110: 5 208 128 25
0001001101011110: 5 208 128 186
0001001101011110: 5 208 92 186
0001001101011110: 5 208 25 186
0001001101011110: 5 208 9 186
0001001101011110: 5 208 192 186
0001001101011110: 5 208 186 200
0001001101011110: 5 208 186 197
0001001101011110: 5 208 186 157
0001001101011110: 5 208 186 127
0001001101011110: 5 208 186 86
0001001101011110: 5 208 186 26
0001001101011110: 5 208 186 14
0001001101011110: 5 208 186 141
0001001101011110: 5 208 186 133
0001001101011110: 5 208 186 98
0001001101011110: 5 208 186 53
0001001101011110: 5 208 186 29
0001001101011110: 5 186 197 86
0001001101011110: 5 186 86 14
0001001101011110: 5 98 144 87
0001001101011110: 5 53 181 100
0001001101011110: 5 53 125 30
0001001101011110: 5 29 203 73
0001001101011110: 6 207 166 131
0001001101011110: 6 207 149 131
0001001101011110: 6 207 85 131
0001001101011110: 6 207 64 131
0001001101011110: 6 207 32 131
0001001101011110: 6 207 24 131
0001001101011110: 6 207 131 173
0001001101011110: 6 207 131 165
0001001101011110: 6 207 131 123
0001001101011110: 6 207 131 122
0001001101011110: 6 207 131 102
0001001101011110: 6 207 131 55
0001001101011110: 6 207 131 25
0001001101011110: 6 207 131 16
0001001101011110: 6 207 131 15
0001001101011110: 6 207 131 14
0001001101011110: 6 207 131 11
0001001101011110: 6 102 27 7
0001001101011110: 6 25 208 128
0001001101011110: 6 25 128 108
0001001101011110: 6 16 190 78
0001001101011110: 6 15 174 151
0001001101011110: 6 14 186 86
0001001101011110: 7 187 194 80
0001001101011110: 7 187 102 27
0001001101011110: 7 132 213 118
0001001101011110: 7 132 102 27
0001001101011110: 7 102 189 27
0001001101011110: 7 102 149 27
0001001101011110: 7 102 119 27
0001001101011110: 7 102 112 27
0001001101011110: 7 102 107 27
0001001101011110: 7 102 61 27
0001001101011110: 7 102 52 27
0001001101011110: 7 102 8 27
0001001101011110: 7 102 93 27
0001001101011110: 7 102 84 27
0001001101011110: 7 102 59 27
0001001101011110: 7 102 28 27
0001001101011110: 7 102 27 170
0001001101011110: 7 102 27 159
0001001101011110: 7 102 27 151
0001001101011110: 7 102 27 129
0001001101011110: 7 102 27 128
0001001101011110: 7 102 27 126
0001001101011110: 7 102 27 124
0001001101011110: 7 102 27 110
0001001101011110: 7 102 27 38
0001001101011110: 7 28 215 163
0001001101011110: 7 28 140 71
0001001101011110: 7 27 151 128
0001001101011110: 8 204 63 33
0001001101011110: 8 188 63 33
0001001101011110: 8 170 63 33
0001001101011110: 8 118 213 132
0001001101011110: 8 118 196 35
0001001101011110: 8 118 185 173
0001001101011110: 8 118 173 115
0001001101011110: 8 118 63 33
0001001101011110: 8 102 63 33
0001001101011110: 8 101 63 33
0001001101011110: 8 96 63 33
0001001101011110: 8 63 150 114
0001001101011110: 8 63 150 33
0001001101011110: 8 63 114 33
0001001101011110: 8 63 85 33
0001001101011110: 8 63 15 33
0001001101011110: 8 63 33 192
0001001101011110: 8 63 33 129
0001001101011110: 8 63 33 25
0001001101011110: 8 25 208 128
0001001101011110: 8 25 128 108
0001001101011110: 9 208 128 25
0001001101011110: 9 181 100 53
0001001101011110: 9 83 126 51
0001001101011110: 9 37 91 38
0001001101011110: 10 99 143 17
0001001101011110: 11 113 114 40
0001001101011110: 12 203 73 29
0001001101011110: 12 203 193 135
0001001101011110: 12 203 193 115
0001001101011110: 12 203 135 115
0001001101011110: 12 203 115 41
0001001101011110: 12 203 109 41
0001001101011110: 12 193 200 135
0001001101011110: 12 193 200 115
0001001101011110: 12 193 177 135
0001001101011110: 12 193 177 115
0001001101011110: 12 193 139 115
0001001101011110: 12 193 126 135
0001001101011110: 12 193 126 115
0001001101011110: 12 193 55 135
0001001101011110: 12 193 55 115
0001001101011110: 12 193 161 135
0001001101011110: 12 193 161 115
0001001101011110: 12 193 135 214
0001001101011110: 12 193 135 197
0001001101011110: 12 193 135 182
0001001101011110: 12 193 135 144
0001001101011110: 12 193 135 119
0001001101011110: 12 193 135 42
0001001101011110: 12 193 135 34
0001001101011110: 12 193 135 129
0001001101011110: 12 193 135 109
0001001101011110: 12 193 135 96
0001001101011110: 12 193 135 41
0001001101011110: 12 193 135 14
0001001101011110: 12 193 129 115
0001001101011110: 12 193 115 214
0001001101011110: 12 193 115 173
0001001101011110: 12 193 115 168
0001001101011110: 12 193 115 146
0001001101011110: 12 193 115 118
0001001101011110: 12 193 115 88
0001001101011110: 12 193 115 82
0001001101011110: 12 193 115 79
0001001101011110: 12 193 115 38
0001001101011110: 12 193 115 19
0001001101011110: 12 193 115 13
0001001101011110: 12 193 115 109
0001001101011110: 12 193 115 96
0001001101011110: 12 193 115 14
0001001101011110: 12 193 109 41
0001001101011110: 12 161 135 115
0001001101011110: 12 161 115 41
0001001101011110: 12 161 109 41
0001001101011110: 12 135 197 115
0001001101011110: 12 135 182 115
0001001101011110: 12 135 144 115
0001001101011110: 12 135 139 34
0001001101011110: 12 135 139 115
0001001101011110: 12 135 119 115
0001001101011110: 12 135 42 115
0001001101011110: 12 135 34 115
0001001101011110: 12 135 129 115
0001001101011110: 12 135 115 173
0001001101011110: 12 135 115 168
0001001101011110: 12 135 115 146
0001001101011110: 12 135 115 118
0001001101011110: 12 135 115 88
0001001101011110: 12 135 115 82
0001001101011110: 12 135 115 79
0001001101011110: 12 135 115 38
0001001101011110: 12 135 115 19
0001001101011110: 12 135 115 13
0001001101011110: 12 135 115 109
0001001101011110: 12 135 115 96
0001001101011110: 12 135 115 14
0001001101011110: 12 135 109 41
0001001101011110: 12 129 105 26
0001001101011110: 12 129 115 41
0001001101011110: 12 129 109 41
0001001101011110: 12 115 214 41
0001001101011110: 12 115 173 118
0001001101011110: 12 115 173 41
0001001101011110: 12 115 168 41
0001001101011110: 12 115 146 41
0001001101011110: 12 115 118 41
0001001101011110: 12 115 88 41
0001001101011110: 12 115 79 41
0001001101011110: 12 115 38 41
0001001101011110: 12 115 19 41
0001001101011110: 12 115 13 41
0001001101011110: 12 115 96 41
0001001101011110: 12 115 41 215
0001001101011110: 12 115 41 159
0001001101011110: 12 115 41 157
0001001101011110: 12 115 41 153
0001001101011110: 12 115 41 138
0001001101011110: 12 115 41 71
0001001101011110: 12 115 41 44
0001001101011110: 12 115 41 14
0001001101011110: 12 109 214 41
0001001101011110: 12 109 55 41
0001001101011110: 12 109 29 41
0001001101011110: 12 109 96 41
0001001101011110: 12 109 41 215
0001001101011110: 12 109 41 159
0001001101011110: 12 109 41 157
0001001101011110: 12 109 41 153
0001001101011110: 12 109 41 138
0001001101011110: 12 109 41 82
0001001101011110: 12 109 41 71
0001001101011110: 12 109 41 44
0001001101011110: 12 109 41 14
0001001101011110: 12 41 82 44
0001001101011110: 12 14 186 86
0001001101011110: 13 115 214 135
0001001101011110: 13 115 193 135
0001001101011110: 13 115 173 118
0001001101011110: 13 115 82 41
0001001101011110: 14 186 208 86
0001001101011110: 14 186 200 86
0001001101011110: 14 186 157 86
0001001101011110: 14 186 127 86
0001001101011110: 14 186 26 86
0001001101011110: 14 186 174 86
0001001101011110: 14 186 166 86
0001001101011110: 14 186 105 86
0001001101011110: 14 186 98 86
0001001101011110: 14 186 86 202
0001001101011110: 14 186 86 156
0001001101011110: 14 186 86 119
0001001101011110: 14 186 86 117
0001001101011110: 14 186 86 90
0001001101011110: 14 186 86 82
0001001101011110: 14 186 86 19
0001001101011110: 14 186 86 84
0001001101011110: 14 174 151 111
0001001101011110: 14 174 151 15
0001001101011110: 14 174 122 17
0001001101011110: 14 105 129 26
0001001101011110: 14 98 144 87
0001001101011110: 15 174 209 151
0001001101011110: 15 174 199 151
0001001101011110: 15 174 169 151
0001001101011110: 15 174 122 17
0001001101011110: 15 174 122 151
0001001101011110: 15 174 113 151
0001001101011110: 15 174 17 151
0001001101011110: 15 174 158 151
0001001101011110: 15 174 151 212
0001001101011110: 15 174 151 205
0001001101011110: 15 174 151 182
0001001101011110: 15 174 151 128
0001001101011110: 15 174 151 106
0001001101011110: 15 174 151 27
0001001101011110: 15 174 151 23
0001001101011110: 15 174 151 144
0001001101011110: 15 174 151 110
0001001101011110: 15 174 151 63
0001001101011110: 15 174 151 38
0001001101011110: 15 151 128 27
0001001101011110: 15 144 98 87
0001001101011110: 15 63 150 114
0001001101011110: 15 38 91 37
0001001101011110: 16 190 192 78
0001001101011110: 16 190 156 78
0001001101011110: 16 190 136 78
0001001101011110: 16 190 92 78
0001001101011110: 16 190 71 78
0001001101011110: 16 190 38 78
0001001101011110: 16 190 149 78
0001001101011110: 16 190 137 78
0001001101011110: 16 190 78 196
0001001101011110: 16 190 78 159
0001001101011110: 16 190 78 155
0001001101011110: 16 190 78 99
0001001101011110: 16 190 78 75
0001001101011110: 16 190 78 54
0001001101011110: 16 190 78 67
0001001101011110: 16 190 78 64
0001001101011110: 17 174 209 122
0001001101011110: 17 174 199 122
0001001101011110: 17 174 169 122
0001001101011110: 17 174 151 111
0001001101011110: 17 174 151 122
0001001101011110: 17 174 113 122
0001001101011110: 17 174 111 122
0001001101011110: 17 174 143 122
0001001101011110: 17 174 143 99
0001001101011110: 17 174 122 202
0001001101011110: 17 174 122 200
0001001101011110: 17 174 122 196
0001001101011110: 17 174 122 179
0001001101011110: 17 174 122 131
0001001101011110: 17 174 122 83
0001001101011110: 17 174 122 76
0001001101011110: 17 174 122 46
0001001101011110: 17 174 122 99
0001001101011110: 17 174 122 97
0001001101011110: 17 174 122 68
0001001101011110: 17 174 122 58
0001001101011110: 17 174 122 53
0001001101011110: 17 174 122 37
0001001101011110: 17 174 122 34
0001001101011110: 17 143 185 99
0001001101011110: 17 143 107 99
0001001101011110: 17 143 122 99
0001001101011110: 17 143 99 201
0001001101011110: 17 143 99 189
0001001101011110: 17 143 99 94
0001001101011110: 17 143 99 91
0001001101011110: 17 143 99 78
0001001101011110: 17 143 99 18
0001001101011110: 17 143 99 97
0001001101011110: 17 143 99 68
0001001101011110: 17 143 99 58
0001001101011110: 17 143 99 53
0001001101011110: 17 143 99 37
0001001101011110: 17 143 99 34
0001001101011110: 17 122 200 76
0001001101011110: 17 122 200 46
0001001101011110: 17 97 79 35
0001001101011110: 17 97 73 21
0001001101011110: 17 58 73 39
0001001101011110: 17 53 181 100
0001001101011110: 17 53 125 30
0001001101011110: 17 37 91 38
0001001101011110: 17 34 139 135
0001001101011110: 18 213 132 118
0001001101011110: 18 51 126 83
0001001101011110: 19 115 214 135
0001001101011110: 19 115 193 135
0001001101011110: 19 115 173 118
0001001101011110: 19 115 82 41
0001001101011110: 19 91 38 37
0001001101011110: 19 86 197 186
0001001101011110: 19 66 138 100
0001001101011110: 19 35 196 118
0001001101011110: 19 35 97 79
0001001101011110: 19 21 97 73
0001001101011110: 20 92 211 155
0001001101011110: 21 185 173 118
0001001101011110: 21 185 97 73
0001001101011110: 21 184 97 73
0001001101011110: 21 161 97 73
0001001101011110: 21 127 97 73
0001001101011110: 21 97 201 73
0001001101011110: 21 97 163 73
0001001101011110: 21 97 139 73
0001001101011110: 21 97 79 35
0001001101011110: 21 97 79 73
0001001101011110: 21 97 46 73
0001001101011110: 21 97 35 73
0001001101011110: 21 97 24 73
0001001101011110: 21 97 73 203
0001001101011110: 21 97 73 180
0001001101011110: 21 97 73 71
0001001101011110: 21 97 73 58
0001001101011110: 21 97 73 39
0001001101011110: 21 97 73 29
0001001101011110: 21 97 73 59
0001001101011110: 21 73 203 29
0001001101011110: 21 73 58 39
0001001101011110: 22 111 174 151
0001001101011110: 23 151 174 111
0001001101011110: 23 151 128 27
0001001101011110: 23 92 211 155
0001001101011110: 24 97 79 35
0001001101011110: 25 209 208 128
0001001101011110: 25 209 128 108
0001001101011110: 25 208 186 128
0001001101011110: 25 208 92 128
0001001101011110: 25 208 144 128
0001001101011110: 25 208 128 151
0001001101011110: 25 208 128 107
0001001101011110: 25 208 128 94
0001001101011110: 25 208 128 80
0001001101011110: 25 208 128 27
0001001101011110: 25 208 128 91
0001001101011110: 25 208 128 82
0001001101011110: 25 208 128 28
0001001101011110: 25 144 98 87
0001001101011110: 25 144 128 108
0001001101011110: 25 128 151 27
0001001101011110: 25 128 151 108
0001001101011110: 25 128 107 108
0001001101011110: 25 128 94 108
0001001101011110: 25 128 80 108
0001001101011110: 25 128 27 108
0001001101011110: 25 128 108 179
0001001101011110: 25 128 108 178
0001001101011110: 25 128 108 62
0001001101011110: 25 128 108 60
0001001101011110: 25 128 108 91
0001001101011110: 25 128 108 82
0001001101011110: 25 128 108 28
0001001101011110: 25 91 38 37
0001001101011110: 25 82 115 41
0001001101011110: 25 82 44 41
0001001101011110: 25 28 215 163
0001001101011110: 25 28 140 71
0001001101011110: 26 201 129 105
0001001101011110: 26 186 197 86
0001001101011110: 26 186 129 105
0001001101011110: 26 178 211 87
0001001101011110: 26 178 129 105
0001001101011110: 26 140 71 28
0001001101011110: 26 140 129 105
0001001101011110: 26 129 144 105
0001001101011110: 26 129 40 105
0001001101011110: 26 129 33 105
0001001101011110: 26 129 27 105
0001001101011110: 26 129 110 105
0001001101011110: 26 129 107 105
0001001101011110: 26 129 105 177
0001001101011110: 26 129 105 171
0001001101011110: 26 129 105 167
0001001101011110: 26 129 105 163
0001001101011110: 26 129 105 80
0001001101011110: 26 129 105 74
0001001101011110: 26 129 105 104
0001001101011110: 26 129 105 34
0001001101011110: 26 34 139 135
0001001101011110: 27 170 151 128
0001001101011110: 27 159 151 128
0001001101011110: 27 151 212 128
0001001101011110: 27 151 205 128
0001001101011110: 27 151 182 128
0001001101011110: 27 151 174 111
0001001101011110: 27 151 174 128
0001001101011110: 27 151 111 128
0001001101011110: 27 151 106 128
0001001101011110: 27 151 129 128
0001001101011110: 27 151 128 208
0001001101011110: 27 151 128 108
0001001101011110: 27 151 128 107
0001001101011110: 27 151 128 94
0001001101011110: 27 151 128 80
0001001101011110: 27 151 128 126
0001001101011110: 27 151 128 124
0001001101011110: 27 151 128 110
0001001101011110: 27 151 128 102
0001001101011110: 27 151 128 38
0001001101011110: 27 126 83 51
0001001101011110: 27 38 91 37
0001001101011110: 28 215 195 163
0001001101011110: 28 215 161 163
0001001101011110: 28 215 118 163
0001001101011110: 28 215 47 163
0001001101011110: 28 215 46 163
0001001101011110: 28 215 41 163
0001001101011110: 28 215 163 159
0001001101011110: 28 215 163 132
0001001101011110: 28 215 163 105
0001001101011110: 28 215 163 97
0001001101011110: 28 215 163 66
0001001101011110: 28 215 163 40
0001001101011110: 28 215 163 140
0001001101011110: 28 215 163 87
0001001101011110: 28 215 163 71
0001001101011110: 28 215 163 65
0001001101011110: 28 215 163 55
0001001101011110: 28 215 140 71
0001001101011110: 28 163 140 71
0001001101011110: 28 140 212 71
0001001101011110: 28 140 210 71
0001001101011110: 28 140 141 71
0001001101011110: 28 140 136 71
0001001101011110: 28 140 87 71
0001001101011110: 28 140 71 209
0001001101011110: 28 140 71 200
0001001101011110: 28 140 71 190
0001001101011110: 28 140 71 90
0001001101011110: 28 140 71 73
0001001101011110: 28 140 71 41
0001001101011110: 28 140 71 35
0001001101011110: 28 140 71 65
0001001101011110: 28 140 71 55
0001001101011110: 28 87 211 178
0001001101011110: 28 87 144 98
0001001101011110: 29 203 169 73
0001001101011110: 29 203 168 73
0001001101011110: 29 203 141 73
0001001101011110: 29 203 134 73
0001001101011110: 29 203 126 73
0001001101011110: 29 203 104 73
0001001101011110: 29 203 191 73
0001001101011110: 29 203 165 73
0001001101011110: 29 203 109 73
0001001101011110: 29 203 73 180
0001001101011110: 29 203 73 97
0001001101011110: 29 203 73 71
0001001101011110: 29 203 73 58
0001001101011110: 29 203 73 39
0001001101011110: 29 203 73 54
0001001101011110: 29 73 58 39
0001001101011110: 30 213 132 118
0001001101011110: 30 213 206 62
0001001101011110: 30 213 125 53
0001001101011110: 30 206 197 62
0001001101011110: 30 206 176 139
0001001101011110: 30 206 176 62
0001001101011110: 30 206 164 62
0001001101011110: 30 206 139 62
0001001101011110: 30 206 127 62
0001001101011110: 30 206 123 62
0001001101011110: 30 206 114 79
0001001101011110: 30 206 114 62
0001001101011110: 30 206 103 62
0001001101011110: 30 206 79 62
0001001101011110: 30 206 47 62
0001001101011110: 30 206 39 62
0001001101011110: 30 206 150 62
0001001101011110: 30 206 125 62
0001001101011110: 30 206 125 53
0001001101011110: 30 206 62 181
0001001101011110: 30 206 62 169
0001001101011110: 30 206 62 120
0001001101011110: 30 206 62 108
0001001101011110: 30 206 62 90
0001001101011110: 30 206 62 77
0001001101011110: 30 206 62 66
0001001101011110: 30 206 62 64
0001001101011110: 30 206 62 42
0001001101011110: 30 206 62 38
0001001101011110: 30 206 62 53
0001001101011110: 30 206 62 43
0001001101011110: 30 150 114 63
0001001101011110: 30 150 125 53
0001001101011110: 30 125 152 53
0001001101011110: 30 125 141 53
0001001101011110: 30 125 117 53
0001001101011110: 30 125 92 53
0001001101011110: 30 125 66 53
0001001101011110: 30 125 40 53
0001001101011110: 30 125 62 53
0001001101011110: 30 125 53 200
0001001101011110: 30 125 53 198
0001001101011110: 30 125 53 181
0001001101011110: 30 125 53 100
0001001101011110: 30 125 53 69
0001001101011110: 30 125 53 64
0001001101011110: 30 125 53 48
0001001101011110: 30 125 53 43
0001001101011110: 30 53 181 100
0001001101011110: 31 190 192 78
0001001101011110: 31 190 156 78
0001001101011110: 31 190 136 78
0001001101011110: 31 190 92 78
0001001101011110: 31 190 71 78
0001001101011110: 31 190 38 78
0001001101011110: 31 190 132 78
0001001101011110: 31 190 104 78
0001001101011110: 31 190 79 78
0001001101011110: 31 190 78 196
0001001101011110: 31 190 78 159
0001001101011110: 31 190 78 155
0001001101011110: 31 190 78 99
0001001101011110: 31 190 78 75
0001001101011110: 31 190 78 54
0001001101011110: 31 132 213 118
0001001101011110: 31 79 206 114
0001001101011110: 31 79 97 35
0001001101011110: 32 34 139 135
0001001101011110: 33 63 150 114
0001001101011110: 34 147 139 135
0001001101011110: 34 139 206 176
0001001101011110: 34 139 206 135
0001001101011110: 34 139 176 135
0001001101011110: 34 139 165 135
0001001101011110: 34 139 156 135
0001001101011110: 34 139 97 135
0001001101011110: 34 139 81 135
0001001101011110: 34 139 135 214
0001001101011110: 34 139 135 197
0001001101011110: 34 139 135 182
0001001101011110: 34 139 135 144
0001001101011110: 34 139 135 119
0001001101011110: 34 139 135 115
0001001101011110: 34 139 135 42
0001001101011110: 34 139 135 132
0001001101011110: 34 139 135 79
0001001101011110: 34 139 135 52
0001001101011110: 34 135 214 115
0001001101011110: 34 135 193 115
0001001101011110: 34 132 213 118
0001001101011110: 34 79 206 114
0001001101011110: 34 79 97 35
0001001101011110: 35 196 211 118
0001001101011110: 35 196 199 47
0001001101011110: 35 196 199 118
0001001101011110: 35 196 147 118
0001001101011110: 35 196 127 118
0001001101011110: 35 196 122 118
0001001101011110: 35 196 117 118
0001001101011110: 35 196 78 118
0001001101011110: 35 196 57 118
0001001101011110: 35 196 49 118
0001001101011110: 35 196 47 118
0001001101011110: 35 196 118 215
0001001101011110: 35 196 118 213
0001001101011110: 35 196 118 198
0001001101011110: 35 196 118 185
0001001101011110: 35 196 118 173
0001001101011110: 35 196 118 132
0001001101011110: 35 196 118 130
0001001101011110: 35 196 118 115
0001001101011110: 35 196 118 87
0001001101011110: 35 196 118 52
0001001101011110: 35 196 118 97
0001001101011110: 35 196 118 79
0001001101011110: 35 196 118 71
0001001101011110: 35 196 118 39
0001001101011110: 35 196 97 79
0001001101011110: 35 118 213 132
0001001101011110: 35 118 185 173
0001001101011110: 35 118 173 115
0001001101011110: 35 118 97 79
0001001101011110: 35 97 201 79
0001001101011110: 35 97 163 79
0001001101011110: 35 97 139 79
0001001101011110: 35 97 73 79
0001001101011110: 35 97 46 79
0001001101011110: 35 97 79 206
0001001101011110: 35 97 79 121
0001001101011110: 35 97 79 115
0001001101011110: 35 97 79 114
0001001101011110: 35 97 79 68
0001001101011110: 35 97 79 71
0001001101011110: 35 97 79 39
0001001101011110: 35 79 206 114
0001001101011110: 35 39 73 58
0001001101011110: 36 178 211 87
0001001101011110: 36 44 82 41
0001001101011110: 37 155 211 92
0001001101011110: 37 155 91 38
0001001101011110: 37 137 91 38
0001001101011110: 37 114 206 79
0001001101011110: 37 114 150 63
0001001101011110: 37 114 113 40
0001001101011110: 37 114 91 38
0001001101011110: 37 91 187 38
0001001101011110: 37 91 173 38
0001001101011110: 37 91 165 38
0001001101011110: 37 91 141 38
0001001101011110: 37 91 99 38
0001001101011110: 37 91 55 38
0001001101011110: 37 91 48 38
0001001101011110: 37 91 44 38
0001001101011110: 37 91 38 190
0001001101011110: 37 91 38 115
0001001101011110: 37 91 38 62
0001001101011110: 38 115 214 135
0001001101011110: 38 115 193 135
0001001101011110: 38 115 173 118
0001001101011110: 38 115 82 41
0001001101011110: 39 206 176 139
0001001101011110: 39 206 114 79
0001001101011110: 39 206 73 58
0001001101011110: 39 173 185 118
0001001101011110: 39 173 118 115
0001001101011110: 39 173 73 58
0001001101011110: 39 158 73 58
0001001101011110: 39 96 73 58
0001001101011110: 39 84 73 58
0001001101011110: 39 73 203 58
0001001101011110: 39 73 180 58
0001001101011110: 39 73 97 58
0001001101011110: 39 73 71 58
0001001101011110: 39 73 58 214
0001001101011110: 39 73 58 119
0001001101011110: 40 213 132 118
0001001101011110: 40 213 114 113
0001001101011110: 40 210 114 113
0001001101011110: 40 163 114 113
0001001101011110: 40 162 114 113
0001001101011110: 40 129 114 113
0001001101011110: 40 126 83 51
0001001101011110: 40 126 114 113
0001001101011110: 40 125 114 113
0001001101011110: 40 124 114 113
0001001101011110: 40 114 206 79
0001001101011110: 40 114 206 113
0001001101011110: 40 114 198 113
0001001101011110: 40 114 150 63
0001001101011110: 40 114 150 113
0001001101011110: 40 114 147 113
0001001101011110: 40 114 79 113
0001001101011110: 40 114 72 113
0001001101011110: 40 114 63 113
0001001101011110: 40 114 113 174
0001001101011110: 40 114 113 148
0001001101011110: 40 114 113 67
0001001101011110: 40 114 113 56
0001001101011110: 40 114 113 94
0001001101011110: 40 114 113 87
0001001101011110: 40 114 113 49
0001001101011110: 40 87 211 178
0001001101011110: 40 87 144 98
0001001101011110: 41 215 115 82
0001001101011110: 41 215 82 44
0001001101011110: 41 159 115 82
0001001101011110: 41 159 82 44
0001001101011110: 41 157 115 82
0001001101011110: 41 157 82 44
0001001101011110: 41 153 115 82
0001001101011110: 41 153 82 44
0001001101011110: 41 138 100 66
0001001101011110: 41 138 115 82
0001001101011110: 41 138 82 44
0001001101011110: 41 115 214 135
0001001101011110: 41 115 214 82
0001001101011110: 41 115 193 135
0001001101011110: 41 115 193 82
0001001101011110: 41 115 173 118
0001001101011110: 41 115 173 82
0001001101011110: 41 115 168 82
0001001101011110: 41 115 146 82
0001001101011110: 41 115 135 82
0001001101011110: 41 115 118 82
0001001101011110: 41 115 88 82
0001001101011110: 41 115 79 82
0001001101011110: 41 115 109 82
0001001101011110: 41 115 82 187
0001001101011110: 41 115 82 86
0001001101011110: 41 115 82 71
0001001101011110: 41 109 82 44
0001001101011110: 41 82 187 44
0001001101011110: 41 82 86 44
0001001101011110: 41 82 71 44
0001001101011110: 41 82 44 202
0001001101011110: 41 82 44 191
0001001101011110: 41 82 44 171
0001001101011110: 41 82 44 98
0001001101011110: 41 82 44 91
0001001101011110: 41 82 44 75
0001001101011110: 41 82 44 52
0001001101011110: 42 135 214 115
0001001101011110: 42 135 193 139
0001001101011110: 42 135 193 115
0001001101011110: 44 98 144 87
0001001101011110: 45 197 186 86
0001001101011110: 45 138 100 66
0001001101011110: 46 215 200 122
0001001101011110: 46 200 193 122
0001001101011110: 46 200 186 122
0001001101011110: 46 200 166 122
0001001101011110: 46 200 145 122
0001001101011110: 46 200 107 122
0001001101011110: 46 200 71 122
0001001101011110: 46 200 53 122
0001001101011110: 46 200 147 122
0001001101011110: 46 200 136 122
0001001101011110: 46 200 127 122
0001001101011110: 46 200 126 122
0001001101011110: 46 200 122 202
0001001101011110: 46 200 122 196
0001001101011110: 46 200 122 179
0001001101011110: 46 200 122 174
0001001101011110: 46 200 122 131
0001001101011110: 46 200 122 83
0001001101011110: 46 200 122 110
0001001101011110: 46 200 122 97
0001001101011110: 46 126 83 51
0001001101011110: 47 215 199 196
0001001101011110: 47 206 176 139
0001001101011110: 47 206 114 79
0001001101011110: 47 206 199 196
0001001101011110: 47 199 212 196
0001001101011110: 47 199 183 196
0001001101011110: 47 199 174 196
0001001101011110: 47 199 157 196
0001001101011110: 47 199 68 196
0001001101011110: 47 199 196 211
0001001101011110: 47 199 196 147
0001001101011110: 47 199 196 127
0001001101011110: 47 199 196 122
0001001101011110: 47 199 196 118
0001001101011110: 47 199 196 117
0001001101011110: 47 199 196 78
0001001101011110: 47 199 196 57
0001001101011110: 47 199 196 49
0001001101011110: 47 199 196 178
0001001101011110: 47 199 196 116
0001001101011110: 47 199 196 107
0001001101011110: 47 199 196 81
0001001101011110: 47 178 211 87
0001001101011110: 48 189 178 142
0001001101011110: 48 189 167 142
0001001101011110: 48 189 164 142
0001001101011110: 48 189 154 142
0001001101011110: 48 189 102 142
0001001101011110: 48 189 99 142
0001001101011110: 48 189 84 142
0001001101011110: 48 189 59 142
0001001101011110: 48 189 56 142
0001001101011110: 48 189 166 142
0001001101011110: 48 189 150 142
0001001101011110: 48 189 142 156
0001001101011110: 48 189 142 137
0001001101011110: 48 189 142 134
0001001101011110: 48 189 142 119
0001001101011110: 48 189 142 91
0001001101011110: 48 189 142 57
0001001101011110: 48 189 142 53
0001001101011110: 48 150 114 63
0001001101011110: 48 53 181 100
0001001101011110: 51 188 126 83
0001001101011110: 51 126 203 83
0001001101011110: 51 126 193 83
0001001101011110: 51 126 176 83
0001001101011110: 51 126 171 83
0001001101011110: 51 126 165 83
0001001101011110: 51 126 94 83
0001001101011110: 51 126 83 180
0001001101011110: 51 126 83 124
0001001101011110: 51 126 83 122
0001001101011110: 51 126 83 106
0001001101011110: 52 118 213 132
0001001101011110: 52 118 185 173
0001001101011110: 52 118 173 115
0001001101011110: 53 200 122 76
0001001101011110: 53 200 181 100
0001001101011110: 53 198 181 100
0001001101011110: 53 181 170 100
0001001101011110: 53 181 104 100
0001001101011110: 53 181 85 100
0001001101011110: 53 181 62 100
0001001101011110: 53 181 55 100
0001001101011110: 53 181 125 100
0001001101011110: 53 181 100 138
0001001101011110: 53 181 100 112
0001001101011110: 53 181 100 66
0001001101011110: 53 181 100 69
0001001101011110: 53 181 100 64
0001001101011110: 53 100 138 66
0001001101011110: 54 197 186 86
0001001101011110: 54 144 98 87
0001001101011110: 55 193 139 135
0001001101011110: 55 193 135 115
0001001101011110: 55 155 211 92
0001001101011110: 56 111 174 151
0001001101011110: 58 214 135 115
0001001101011110: 62 206 176 139
0001001101011110: 62 206 114 79
0001001101011110: 62 66 138 100
0001001101011110: 63 150 89 114
0001001101011110: 63 150 114 206
0001001101011110: 63 150 114 198
0001001101011110: 63 150 114 147
0001001101011110: 63 150 114 113
0001001101011110: 63 150 114 79
0001001101011110: 63 150 114 72
0001001101011110: 63 150 114 85
0001001101011110: 63 114 206 79
0001001101011110: 65 173 185 118
0001001101011110: 65 173 118 115
0001001101011110: 66 197 186 86
0001001101011110: 66 197 138 100
0001001101011110: 66 163 138 100
0001001101011110: 66 138 169 100
0001001101011110: 66 138 75 100
0001001101011110: 66 138 68 100
0001001101011110: 66 138 125 100
0001001101011110: 66 138 100 181
0001001101011110: 66 138 100 112
0001001101011110: 68 194 187 80
0001001101011110: 68 79 206 114
0001001101011110: 71 200 122 76
0001001101011110: 72 176 206 139
0001001101011110: 72 114 206 79
0001001101011110: 76 200 193 122
0001001101011110: 76 200 186 122
0001001101011110: 76 200 166 122
0001001101011110: 76 200 145 122
0001001101011110: 76 200 107 122
0001001101011110: 76 200 184 122
0001001101011110: 76 200 167 122
0001001101011110: 76 200 122 202
0001001101011110: 76 200 122 196
0001001101011110: 76 200 122 179
0001001101011110: 76 200 122 174
0001001101011110: 76 200 122 131
0001001101011110: 76 200 122 83
0001001101011110: 76 200 122 85
0001001101011110: 77 187 194 80
0001001101011110: 78 155 211 92
0001001101011110: 79 206 197 114
0001001101011110: 79 206 176 139
0001001101011110: 79 206 176 114
0001001101011110: 79 206 164 114
0001001101011110: 79 206 139 114
0001001101011110: 79 206 127 114
0001001101011110: 79 206 123 114
0001001101011110: 79 206 103 114
0001001101011110: 79 206 121 114
0001001101011110: 79 206 115 114
0001001101011110: 79 206 114 198
0001001101011110: 79 206 114 150
0001001101011110: 79 206 114 147
0001001101011110: 79 206 114 113
0001001101011110: 79 206 114 97
0001001101011110: 79 115 214 135
0001001101011110: 79 115 193 135
0001001101011110: 79 115 173 118
0001001101011110: 80 194 144 187
0001001101011110: 80 194 95 187
0001001101011110: 80 194 191 187
0001001101011110: 80 194 187 213
0001001101011110: 80 194 187 212
0001001101011110: 80 194 187 205
0001001101011110: 80 194 187 161
0001001101011110: 80 194 187 116
0001001101011110: 80 194 187 111
0001001101011110: 80 194 187 91
0001001101011110: 80 194 187 82
0001001101011110: 80 194 187 169
0001001101011110: 80 194 187 128
0001001101011110: 80 194 187 105
0001001101011110: 81 139 206 176
0001001101011110: 81 139 193 135
0001001101011110: 82 115 214 135
0001001101011110: 82 115 193 135
0001001101011110: 82 115 173 118
0001001101011110: 82 86 197 186
0001001101011110: 84 92 211 155
0001001101011110: 85 92 211 155
0001001101011110: 86 202 197 186
0001001101011110: 86 197 206 186
0001001101011110: 86 197 188 186
0001001101011110: 86 197 135 186
0001001101011110: 86 197 186 208
0001001101011110: 86 197 186 200
0001001101011110: 86 197 186 157
0001001101011110: 86 197 186 127
0001001101011110: 86 197 186 156
0001001101011110: 86 197 186 119
0001001101011110: 86 197 186 117
0001001101011110: 86 197 186 90
0001001101011110: 87 211 210 178
0001001101011110: 87 211 196 178
0001001101011110: 87 211 176 178
0001001101011110: 87 211 155 92
0001001101011110: 87 211 155 178
0001001101011110: 87 211 96 178
0001001101011110: 87 211 92 178
0001001101011110: 87 211 178 189
0001001101011110: 87 211 178 141
0001001101011110: 87 211 178 108
0001001101011110: 87 211 178 171
0001001101011110: 87 211 178 144
0001001101011110: 87 211 178 118
0001001101011110: 87 211 178 98
0001001101011110: 87 211 144 98
0001001101011110: 87 178 144 98
0001001101011110: 87 171 144 98
0001001101011110: 87 144 194 98
0001001101011110: 87 144 149 98
0001001101011110: 87 144 135 98
0001001101011110: 87 144 129 98
0001001101011110: 87 144 111 98
0001001101011110: 87 144 101 98
0001001101011110: 87 144 118 98
0001001101011110: 87 144 98 214
0001001101011110: 87 118 213 132
0001001101011110: 87 118 185 173
0001001101011110: 87 118 173 115
0001001101011110: 88 115 214 135
0001001101011110: 88 115 193 135
0001001101011110: 88 115 173 118
0001001101011110: 91 173 185 118
0001001101011110: 91 173 118 115
0001001101011110: 92 211 210 155
0001001101011110: 92 211 196 155
0001001101011110: 92 211 178 155
0001001101011110: 92 211 176 155
0001001101011110: 92 211 96 155
0001001101011110: 92 211 208 155
0001001101011110: 92 211 205 155
0001001101011110: 92 211 190 155
0001001101011110: 92 211 155 157
0001001101011110: 92 211 155 136
0001001101011110: 92 211 155 111
0001001101011110: 92 211 155 125
0001001101011110: 97 139 206 176
0001001101011110: 97 139 193 135
0001001101011110: 98 214 135 115
0001001101011110: 103 206 176 139
0001001101011110: 106 151 174 111
0001001101011110: 109 214 135 115
0001001101011110: 111 187 174 151
0001001101011110: 111 174 209 151
0001001101011110: 111 174 199 151
0001001101011110: 111 174 169 151
0001001101011110: 111 174 122 151
0001001101011110: 111 174 113 151
0001001101011110: 111 174 155 151
0001001101011110: 111 174 151 212
0001001101011110: 111 174 151 205
0001001101011110: 111 174 151 182
0001001101011110: 111 174 151 128
0001001101011110: 111 174 151 144
0001001101011110: 111 174 151 130
0001001101011110: 114 206 176 139
0001001101011110: 115 214 173 135
0001001101011110: 115 214 173 118
0001001101011110: 115 214 168 135
0001001101011110: 115 214 146 135
0001001101011110: 115 214 135 197
0001001101011110: 115 214 135 182
0001001101011110: 115 214 135 144
0001001101011110: 115 214 135 139
0001001101011110: 115 214 135 119
0001001101011110: 115 214 135 118
0001001101011110: 115 193 200 135
0001001101011110: 115 193 177 135
0001001101011110: 115 193 126 135
0001001101011110: 115 193 173 135
0001001101011110: 115 193 173 118
0001001101011110: 115 193 168 135
0001001101011110: 115 193 146 135
0001001101011110: 115 193 135 197
0001001101011110: 115 193 135 182
0001001101011110: 115 193 135 144
0001001101011110: 115 193 135 119
0001001101011110: 115 193 135 118
0001001101011110: 115 173 131 118
0001001101011110: 115 173 168 118
0001001101011110: 115 173 146 118
0001001101011110: 115 173 135 118
0001001101011110: 115 173 118 215
0001001101011110: 115 173 118 213
0001001101011110: 115 173 118 198
0001001101011110: 115 173 118 196
0001001101011110: 115 173 118 132
0001001101011110: 115 173 118 130
0001001101011110: 115 118 213 132
0001001101011110: 118 215 213 132
0001001101011110: 118 215 185 173
0001001101011110: 118 213 187 132
0001001101011110: 118 213 198 132
0001001101011110: 118 213 196 132
0001001101011110: 118 213 185 173
0001001101011110: 118 213 185 132
0001001101011110: 118 213 173 132
0001001101011110: 118 213 132 163
0001001101011110: 118 213 132 154
0001001101011110: 118 213 132 130
0001001101011110: 118 198 185 173
0001001101011110: 118 196 185 173
0001001101011110: 118 185 143 173
0001001101011110: 118 185 173 131
0001001101011110: 118 185 173 132
0001001101011110: 118 185 173 130
0001001101011110: 119 135 193 139
0001001101011110: 123 206 176 139
0001001101011110: 126 193 139 135
0001001101011110: 126 176 206 139
0001001101011110: 127 206 176 139
0001001101011110: 135 214 193 139
0001001101011110: 135 197 193 139
0001001101011110: 135 193 200 139
0001001101011110: 135 193 177 139
0001001101011110: 135 193 182 139
0001001101011110: 135 193 144 139
0001001101011110: 135 193 139 206
0001001101011110: 135 193 139 176
0001001101011110: 135 193 139 165
0001001101011110: 135 193 139 156
0001001101011110: 135 139 206 176
0001001101011110: 139 206 197 176
0001001101011110: 139 206 164 176
0001001101011110: 139 206 193 176
0001001101011110: 139 206 176 211
0001001101011110: 139 206 176 165
0001001101011110: 139 206 176 156
