0001001101011110: 1 962 534 29
0001001101011110: 1 797 534 29
0001001101011110: 1 703 534 29
0001001101011110: 1 631 534 29
0001001101011110: 1 554 789 635
0001001101011110: 1 554 534 29
0001001101011110: 1 534 979 29
0001001101011110: 1 534 649 29
0001001101011110: 1 534 579 29
0001001101011110: 1 534 563 29
0001001101011110: 1 534 348 29
0001001101011110: 1 534 296 29
0001001101011110: 1 534 203 29
0001001101011110: 1 534 111 29
0001001101011110: 1 534 54 29
0001001101011110: 1 534 31 29
0001001101011110: 1 534 424 29
0001001101011110: 1 534 227 29
0001001101011110: 1 534 194 29
0001001101011110: 1 534 81 29
0001001101011110: 1 534 29 980
0001001101011110: 1 534 29 930
0001001101011110: 1 534 29 690
0001001101011110: 1 534 29 530
0001001101011110: 1 534 29 455
0001001101011110: 1 534 29 252
0001001101011110: 1 534 29 126
0001001101011110: 1 534 29 112
0001001101011110: 1 29 455 252
0001001101011110: 2 814 985 832
0001001101011110: 3 594 908 79
0001001101011110: 4 263 418 30
0001001101011110: 7 263 418 30
0001001101011110: 8 9 922 725
0001001101011110: 9 922 723 725
0001001101011110: 9 922 561 725
0001001101011110: 9 922 462 725
0001001101011110: 9 922 388 725
0001001101011110: 9 922 130 725
0001001101011110: 9 922 725 865
0001001101011110: 9 922 725 699
0001001101011110: 9 922 725 456
0001001101011110: 9 922 725 703
0001001101011110: 9 922 725 540
0001001101011110: 9 922 725 443
0001001101011110: 9 922 725 375
0001001101011110: 9 922 725 326
0001001101011110: 9 922 725 249
0001001101011110: 9 922 725 146
0001001101011110: 10 723 836 477
0001001101011110: 10 723 749 731
0001001101011110: 12 743 331 144
0001001101011110: 13 880 394 121
0001001101011110: 13 800 394 121
0001001101011110: 13 752 394 121
0001001101011110: 13 489 394 121
0001001101011110: 13 394 949 121
0001001101011110: 13 394 915 121
0001001101011110: 13 394 866 121
0001001101011110: 13 394 555 121
0001001101011110: 13 394 529 121
0001001101011110: 13 394 526 121
0001001101011110: 13 394 376 121
0001001101011110: 13 394 286 121
0001001101011110: 13 394 255 121
0001001101011110: 13 394 173 121
0001001101011110: 13 394 100 121
0001001101011110: 13 394 41 121
0001001101011110: 13 394 302 121
0001001101011110: 13 394 243 121
0001001101011110: 13 394 121 970
0001001101011110: 13 394 121 900
0001001101011110: 13 394 121 887
0001001101011110: 13 394 121 855
0001001101011110: 13 394 121 731
0001001101011110: 13 394 121 335
0001001101011110: 13 394 121 187
0001001101011110: 13 394 121 111
0001001101011110: 14 908 594 79
0001001101011110: 14 724 760 301
0001001101011110: 15 945 798 701
0001001101011110: 15 945 373 215
0001001101011110: 15 945 166 38
0001001101011110: 15 771 373 215
0001001101011110: 15 771 166 38
0001001101011110: 15 678 373 215
0001001101011110: 15 678 166 38
0001001101011110: 15 670 373 215
0001001101011110: 15 670 166 38
0001001101011110: 15 607 373 215
0001001101011110: 15 607 166 38
0001001101011110: 15 508 818 39
0001001101011110: 15 508 373 215
0001001101011110: 15 508 166 38
0001001101011110: 15 392 960 482
0001001101011110: 15 392 373 215
0001001101011110: 15 392 166 38
0001001101011110: 15 373 968 215
0001001101011110: 15 373 872 215
0001001101011110: 15 373 702 215
0001001101011110: 15 373 375 215
0001001101011110: 15 373 327 215
0001001101011110: 15 373 115 215
0001001101011110: 15 373 215 916
0001001101011110: 15 373 215 802
0001001101011110: 15 373 215 691
0001001101011110: 15 373 215 653
0001001101011110: 15 373 215 602
0001001101011110: 15 373 215 413
0001001101011110: 15 373 215 166
0001001101011110: 15 373 215 38
0001001101011110: 15 373 166 38
0001001101011110: 15 215 166 38
0001001101011110: 15 166 854 38
0001001101011110: 15 166 710 38
0001001101011110: 15 166 506 38
0001001101011110: 15 166 267 38
0001001101011110: 15 166 240 38
0001001101011110: 15 166 174 38
0001001101011110: 15 166 129 75
0001001101011110: 15 166 129 38
0001001101011110: 15 166 75 38
0001001101011110: 15 166 17 38
0001001101011110: 15 166 38 971
0001001101011110: 15 166 38 923
0001001101011110: 15 166 38 890
0001001101011110: 15 166 38 849
0001001101011110: 15 166 38 834
0001001101011110: 15 166 38 807
0001001101011110: 15 166 38 773
0001001101011110: 15 166 38 639
0001001101011110: 15 166 38 630
0001001101011110: 15 166 38 577
0001001101011110: 15 166 38 454
0001001101011110: 15 166 38 427
0001001101011110: 15 166 38 387
0001001101011110: 15 166 38 250
0001001101011110: 15 166 38 142
0001001101011110: 15 166 38 73
0001001101011110: 15 166 38 22
0001001101011110: 15 38 923 142
0001001101011110: 15 38 639 454
0001001101011110: 17 331 743 144
0001001101011110: 17 166 129 75
0001001101011110: 18 920 970 819
0001001101011110: 18 920 796 819
0001001101011110: 18 920 770 819
0001001101011110: 18 920 744 819
0001001101011110: 18 920 227 819
0001001101011110: 18 920 819 834
0001001101011110: 18 920 819 833
0001001101011110: 18 920 819 759
0001001101011110: 18 920 819 742
0001001101011110: 18 920 819 448
0001001101011110: 18 920 819 327
0001001101011110: 18 920 819 56
0001001101011110: 18 920 819 732
0001001101011110: 18 920 819 516
0001001101011110: 18 920 819 245
0001001101011110: 18 920 819 225
0001001101011110: 19 408 413 129
0001001101011110: 21 476 674 436
0001001101011110: 22 767 968 706
0001001101011110: 22 38 923 142
0001001101011110: 22 38 639 454
0001001101011110: 24 731 749 723
0001001101011110: 25 977 810 389
0001001101011110: 25 135 305 221
0001001101011110: 27 836 723 477
0001001101011110: 27 437 616 559
0001001101011110: 27 79 908 594
0001001101011110: 29 980 455 252
0001001101011110: 29 930 455 252
0001001101011110: 29 690 455 252
0001001101011110: 29 534 455 252
0001001101011110: 29 530 455 252
0001001101011110: 29 455 899 252
0001001101011110: 29 455 830 252
0001001101011110: 29 455 744 252
0001001101011110: 29 455 111 252
0001001101011110: 29 455 252 870
0001001101011110: 29 455 252 815
0001001101011110: 29 455 252 633
0001001101011110: 29 455 252 174
0001001101011110: 29 455 252 77
0001001101011110: 29 455 252 126
0001001101011110: 29 455 252 112
0001001101011110: 29 112 576 36
0001001101011110: 30 701 945 798
0001001101011110: 30 701 418 263
0001001101011110: 30 513 418 263
0001001101011110: 30 506 418 263
0001001101011110: 30 468 418 263
0001001101011110: 30 418 937 263
0001001101011110: 30 418 635 263
0001001101011110: 30 418 562 263
0001001101011110: 30 418 327 263
0001001101011110: 30 418 125 263
0001001101011110: 30 418 336 263
0001001101011110: 30 418 335 263
0001001101011110: 30 418 263 897
0001001101011110: 30 418 263 895
0001001101011110: 30 418 263 888
0001001101011110: 30 418 263 800
0001001101011110: 30 418 263 743
0001001101011110: 30 418 263 663
0001001101011110: 30 418 263 570
0001001101011110: 30 418 263 518
0001001101011110: 30 418 263 473
0001001101011110: 30 418 263 212
0001001101011110: 30 418 263 72
0001001101011110: 30 418 263 71
0001001101011110: 30 336 974 137
0001001101011110: 31 850 799 561
0001001101011110: 31 799 996 561
0001001101011110: 31 799 877 561
0001001101011110: 31 799 825 561
0001001101011110: 31 799 817 561
0001001101011110: 31 799 474 561
0001001101011110: 31 799 184 561
0001001101011110: 31 799 129 561
0001001101011110: 31 799 795 561
0001001101011110: 31 799 768 561
0001001101011110: 31 799 679 561
0001001101011110: 31 799 561 975
0001001101011110: 31 799 561 922
0001001101011110: 31 799 561 840
0001001101011110: 31 799 561 712
0001001101011110: 31 799 561 317
0001001101011110: 31 799 561 161
0001001101011110: 31 799 561 556
0001001101011110: 31 799 561 543
0001001101011110: 31 799 561 534
0001001101011110: 31 799 561 359
0001001101011110: 31 799 561 314
0001001101011110: 31 799 561 208
0001001101011110: 31 799 561 172
0001001101011110: 35 404 894 89
0001001101011110: 36 984 576 112
0001001101011110: 36 980 576 112
0001001101011110: 36 891 576 112
0001001101011110: 36 592 576 112
0001001101011110: 36 576 961 112
0001001101011110: 36 576 882 112
0001001101011110: 36 576 770 112
0001001101011110: 36 576 668 112
0001001101011110: 36 576 571 112
0001001101011110: 36 576 483 112
0001001101011110: 36 576 227 112
0001001101011110: 36 576 118 112
0001001101011110: 36 576 443 112
0001001101011110: 36 576 333 112
0001001101011110: 36 576 272 112
0001001101011110: 36 576 217 112
0001001101011110: 36 576 112 405
0001001101011110: 36 576 112 302
0001001101011110: 36 576 112 235
0001001101011110: 37 965 871 617
0001001101011110: 38 971 923 142
0001001101011110: 38 971 639 454
0001001101011110: 38 923 293 142
0001001101011110: 38 923 150 142
0001001101011110: 38 923 71 142
0001001101011110: 38 923 890 142
0001001101011110: 38 923 849 142
0001001101011110: 38 923 834 142
0001001101011110: 38 923 807 142
0001001101011110: 38 923 773 142
0001001101011110: 38 923 639 454
0001001101011110: 38 923 639 142
0001001101011110: 38 923 630 142
0001001101011110: 38 923 577 142
0001001101011110: 38 923 454 142
0001001101011110: 38 923 427 142
0001001101011110: 38 923 387 142
0001001101011110: 38 923 250 142
0001001101011110: 38 923 166 142
0001001101011110: 38 923 142 623
0001001101011110: 38 923 142 537
0001001101011110: 38 923 142 479
0001001101011110: 38 923 142 477
0001001101011110: 38 923 142 78
0001001101011110: 38 923 142 73
0001001101011110: 38 890 639 454
0001001101011110: 38 849 639 454
0001001101011110: 38 834 639 454
0001001101011110: 38 807 639 454
0001001101011110: 38 773 619 52
0001001101011110: 38 773 639 454
0001001101011110: 38 639 123 454
0001001101011110: 38 639 630 454
0001001101011110: 38 639 577 454
0001001101011110: 38 639 454 875
0001001101011110: 38 639 454 416
0001001101011110: 38 639 454 39
0001001101011110: 38 639 454 427
0001001101011110: 38 639 454 387
0001001101011110: 38 639 454 250
0001001101011110: 38 639 454 166
0001001101011110: 38 639 454 142
0001001101011110: 38 639 454 73
0001001101011110: 38 166 129 75
0001001101011110: 39 900 818 508
0001001101011110: 39 826 818 508
0001001101011110: 39 818 839 508
0001001101011110: 39 818 811 508
0001001101011110: 39 818 740 508
0001001101011110: 39 818 530 508
0001001101011110: 39 818 500 508
0001001101011110: 39 818 398 508
0001001101011110: 39 818 331 508
0001001101011110: 39 818 265 508
0001001101011110: 39 818 237 508
0001001101011110: 39 818 115 508
0001001101011110: 39 818 508 786
0001001101011110: 39 818 508 783
0001001101011110: 39 818 508 645
0001001101011110: 39 818 508 333
0001001101011110: 39 818 508 329
0001001101011110: 39 818 508 235
0001001101011110: 39 818 508 185
0001001101011110: 39 818 508 454
0001001101011110: 39 818 508 427
0001001101011110: 39 818 508 270
0001001101011110: 39 818 508 129
0001001101011110: 39 129 413 408
0001001101011110: 39 129 166 75
0001001101011110: 40 767 968 706
0001001101011110: 41 619 773 52
0001001101011110: 42 477 836 723
0001001101011110: 42 477 196 177
0001001101011110: 44 773 619 52
0001001101011110: 45 129 413 408
0001001101011110: 45 129 166 75
0001001101011110: 46 195 386 62
0001001101011110: 48 89 894 404
0001001101011110: 52 844 773 619
0001001101011110: 52 773 694 619
0001001101011110: 52 773 640 619
0001001101011110: 52 773 479 619
0001001101011110: 52 773 335 619
0001001101011110: 52 773 728 619
0001001101011110: 52 773 619 560
0001001101011110: 52 773 619 487
0001001101011110: 52 773 619 275
0001001101011110: 52 773 619 116
0001001101011110: 52 773 619 588
0001001101011110: 52 773 619 501
0001001101011110: 52 773 619 187
0001001101011110: 53 931 821 292
0001001101011110: 53 931 349 292
0001001101011110: 53 931 548 292
0001001101011110: 53 931 490 292
0001001101011110: 53 931 292 897
0001001101011110: 53 931 292 676
0001001101011110: 53 931 292 670
0001001101011110: 56 573 448 260
0001001101011110: 60 144 743 331
0001001101011110: 62 903 386 195
0001001101011110: 62 733 386 195
0001001101011110: 62 551 386 195
0001001101011110: 62 471 386 195
0001001101011110: 62 386 823 195
0001001101011110: 62 386 687 195
0001001101011110: 62 386 557 195
0001001101011110: 62 386 236 195
0001001101011110: 62 386 205 195
0001001101011110: 62 386 125 195
0001001101011110: 62 386 79 195
0001001101011110: 62 386 223 195
0001001101011110: 62 386 195 233
0001001101011110: 62 386 195 109
0001001101011110: 63 723 836 477
0001001101011110: 63 723 749 731
0001001101011110: 64 594 908 79
0001001101011110: 66 301 760 724
0001001101011110: 69 832 985 814
0001001101011110: 72 760 724 301
0001001101011110: 73 674 476 436
0001001101011110: 75 838 166 129
0001001101011110: 75 836 723 477
0001001101011110: 75 836 166 129
0001001101011110: 75 777 166 129
0001001101011110: 75 738 166 129
0001001101011110: 75 651 166 129
0001001101011110: 75 634 166 129
0001001101011110: 75 623 166 129
0001001101011110: 75 410 166 129
0001001101011110: 75 398 166 129
0001001101011110: 75 303 166 129
0001001101011110: 75 166 854 129
0001001101011110: 75 166 710 129
0001001101011110: 75 166 506 129
0001001101011110: 75 166 267 129
0001001101011110: 75 166 240 129
0001001101011110: 75 166 174 129
0001001101011110: 75 166 129 799
0001001101011110: 75 166 129 549
0001001101011110: 75 166 129 540
0001001101011110: 75 166 129 535
0001001101011110: 75 166 129 484
0001001101011110: 75 166 129 413
0001001101011110: 75 166 129 408
0001001101011110: 75 166 129 223
0001001101011110: 75 166 129 221
0001001101011110: 75 166 129 200
0001001101011110: 75 129 413 408
0001001101011110: 76 674 476 436
0001001101011110: 76 437 616 559
0001001101011110: 77 970 595 137
0001001101011110: 77 871 965 617
0001001101011110: 79 908 843 594
0001001101011110: 79 908 822 594
0001001101011110: 79 908 760 594
0001001101011110: 79 908 666 594
0001001101011110: 79 908 598 594
0001001101011110: 79 908 477 594
0001001101011110: 79 908 453 594
0001001101011110: 79 908 241 594
0001001101011110: 79 908 197 594
0001001101011110: 79 908 859 594
0001001101011110: 79 908 834 594
0001001101011110: 79 908 777 594
0001001101011110: 79 908 594 892
0001001101011110: 79 908 594 815
0001001101011110: 79 908 594 704
0001001101011110: 79 908 594 672
0001001101011110: 79 908 594 438
0001001101011110: 79 908 594 320
0001001101011110: 79 908 594 262
0001001101011110: 79 908 594 255
0001001101011110: 79 908 594 86
0001001101011110: 79 908 594 386
0001001101011110: 79 859 916 235
0001001101011110: 80 343 852 459
0001001101011110: 81 901 869 587
0001001101011110: 82 871 965 617
0001001101011110: 83 945 798 701
0001001101011110: 84 595 970 137
0001001101011110: 84 554 789 635
0001001101011110: 84 260 573 448
0001001101011110: 89 894 740 404
0001001101011110: 89 894 642 404
0001001101011110: 89 894 634 404
0001001101011110: 89 894 520 404
0001001101011110: 89 894 475 404
0001001101011110: 89 894 364 404
0001001101011110: 89 894 771 404
0001001101011110: 89 894 729 404
0001001101011110: 89 894 548 404
0001001101011110: 89 894 404 965
0001001101011110: 89 894 404 672
0001001101011110: 89 894 404 556
0001001101011110: 89 894 404 408
0001001101011110: 89 894 404 402
0001001101011110: 89 894 404 352
0001001101011110: 89 894 404 340
0001001101011110: 89 894 404 196
0001001101011110: 89 894 404 145
0001001101011110: 89 894 404 92
0001001101011110: 89 894 404 387
0001001101011110: 89 894 404 114
0001001101011110: 92 701 945 798
0001001101011110: 93 550 358 290
0001001101011110: 97 593 612 282
0001001101011110: 98 144 743 331
0001001101011110: 99 554 789 635
0001001101011110: 100 301 760 724
0001001101011110: 102 724 760 301
0001001101011110: 104 836 723 477
0001001101011110: 104 358 550 290
0001001101011110: 107 796 587 209
0001001101011110: 107 767 968 706
0001001101011110: 108 635 789 554
0001001101011110: 112 235 916 859
0001001101011110: 113 767 968 706
0001001101011110: 114 235 916 859
0001001101011110: 116 859 916 235
0001001101011110: 116 343 852 459
0001001101011110: 117 305 221 135
0001001101011110: 117 209 796 587
0001001101011110: 119 968 767 706
0001001101011110: 121 970 595 137
0001001101011110: 121 731 749 723
0001001101011110: 123 977 810 389
0001001101011110: 124 723 836 477
0001001101011110: 124 723 749 731
0001001101011110: 124 437 616 559
0001001101011110: 125 413 408 129
0001001101011110: 129 799 413 408
0001001101011110: 129 549 413 408
0001001101011110: 129 540 413 408
0001001101011110: 129 535 413 408
0001001101011110: 129 484 413 408
0001001101011110: 129 413 945 408
0001001101011110: 129 413 755 408
0001001101011110: 129 413 644 408
0001001101011110: 129 413 522 408
0001001101011110: 129 413 282 408
0001001101011110: 129 413 215 408
0001001101011110: 129 413 180 408
0001001101011110: 129 413 408 935
0001001101011110: 129 413 408 848
0001001101011110: 129 413 408 784
0001001101011110: 129 413 408 404
0001001101011110: 129 413 408 285
0001001101011110: 129 413 408 223
0001001101011110: 129 413 408 221
0001001101011110: 129 413 408 200
0001001101011110: 129 413 408 166
0001001101011110: 129 221 305 135
0001001101011110: 130 916 859 235
0001001101011110: 131 960 482 392
0001001101011110: 132 612 593 282
0001001101011110: 133 701 945 798
0001001101011110: 135 683 305 221
0001001101011110: 135 467 305 221
0001001101011110: 135 350 305 221
0001001101011110: 135 305 939 221
0001001101011110: 135 305 739 221
0001001101011110: 135 305 712 221
0001001101011110: 135 305 671 221
0001001101011110: 135 305 580 221
0001001101011110: 135 305 237 221
0001001101011110: 135 305 221 976
0001001101011110: 135 305 221 882
0001001101011110: 135 305 221 680
0001001101011110: 135 305 221 579
0001001101011110: 135 305 221 521
0001001101011110: 135 305 221 463
0001001101011110: 135 305 221 417
0001001101011110: 135 305 221 253
0001001101011110: 136 559 758 294
0001001101011110: 136 559 616 437
0001001101011110: 136 235 916 859
0001001101011110: 137 974 969 336
0001001101011110: 137 974 239 336
0001001101011110: 137 974 970 595
0001001101011110: 137 974 970 336
0001001101011110: 137 974 898 336
0001001101011110: 137 974 858 336
0001001101011110: 137 974 655 336
0001001101011110: 137 974 595 336
0001001101011110: 137 974 507 336
0001001101011110: 137 974 336 960
0001001101011110: 137 974 336 897
0001001101011110: 137 974 336 551
0001001101011110: 137 974 336 262
0001001101011110: 137 970 920 595
0001001101011110: 137 970 668 595
0001001101011110: 137 970 565 595
0001001101011110: 137 970 898 595
0001001101011110: 137 970 858 595
0001001101011110: 137 970 655 595
0001001101011110: 137 970 595 889
0001001101011110: 137 970 595 599
0001001101011110: 137 970 595 271
0001001101011110: 137 970 595 256
0001001101011110: 137 970 595 507
0001001101011110: 137 970 595 336
0001001101011110: 138 612 593 282
0001001101011110: 139 701 945 798
0001001101011110: 140 701 945 798
0001001101011110: 142 477 836 723
0001001101011110: 142 477 196 177
0001001101011110: 144 743 977 331
0001001101011110: 144 743 848 331
0001001101011110: 144 743 739 331
0001001101011110: 144 743 477 331
0001001101011110: 144 743 435 331
0001001101011110: 144 743 340 331
0001001101011110: 144 743 270 331
0001001101011110: 144 743 263 331
0001001101011110: 144 743 734 331
0001001101011110: 144 743 531 331
0001001101011110: 144 743 331 818
0001001101011110: 144 743 331 308
0001001101011110: 144 743 331 286
0001001101011110: 144 743 331 251
0001001101011110: 144 743 331 164
0001001101011110: 144 743 331 145
0001001101011110: 145 436 674 476
0001001101011110: 146 832 985 814
0001001101011110: 147 395 904 764
0001001101011110: 150 701 945 798
0001001101011110: 153 968 767 706
0001001101011110: 153 282 612 593
0001001101011110: 155 796 587 209
0001001101011110: 158 810 977 389
0001001101011110: 158 260 573 448
0001001101011110: 160 612 593 282
0001001101011110: 167 209 796 587
0001001101011110: 170 196 477 177
0001001101011110: 172 358 550 290
0001001101011110: 173 559 758 294
0001001101011110: 173 559 616 437
0001001101011110: 177 763 477 196
0001001101011110: 177 540 477 196
0001001101011110: 177 477 908 196
0001001101011110: 177 477 867 196
0001001101011110: 177 477 836 723
0001001101011110: 177 477 836 196
0001001101011110: 177 477 743 196
0001001101011110: 177 477 723 196
0001001101011110: 177 477 493 196
0001001101011110: 177 477 389 196
0001001101011110: 177 477 410 196
0001001101011110: 177 477 196 834
0001001101011110: 177 477 196 460
0001001101011110: 177 477 196 404
0001001101011110: 177 477 196 251
0001001101011110: 177 477 196 183
0001001101011110: 178 723 836 477
0001001101011110: 178 723 749 731
0001001101011110: 181 587 901 869
0001001101011110: 181 587 796 209
0001001101011110: 181 559 758 294
0001001101011110: 181 559 616 437
0001001101011110: 183 635 789 554
0001001101011110: 187 554 789 635
0001001101011110: 188 724 760 301
0001001101011110: 190 482 960 392
0001001101011110: 192 758 559 294
0001001101011110: 192 574 830 289
0001001101011110: 193 437 616 559
0001001101011110: 196 477 836 723
0001001101011110: 201 289 830 574
0001001101011110: 201 235 916 859
0001001101011110: 203 301 760 724
0001001101011110: 209 966 796 587
0001001101011110: 209 868 796 587
0001001101011110: 209 796 920 587
0001001101011110: 209 796 842 587
0001001101011110: 209 796 407 587
0001001101011110: 209 796 390 587
0001001101011110: 209 796 380 587
0001001101011110: 209 796 355 587
0001001101011110: 209 796 587 946
0001001101011110: 209 796 587 901
0001001101011110: 209 796 587 869
0001001101011110: 209 796 587 569
0001001101011110: 209 796 587 560
0001001101011110: 209 796 587 456
0001001101011110: 209 587 901 869
0001001101011110: 210 235 916 859
0001001101011110: 211 343 852 459
0001001101011110: 215 916 859 235
0001001101011110: 217 392 960 482
0001001101011110: 219 985 832 814
0001001101011110: 220 764 904 395
0001001101011110: 222 674 476 436
0001001101011110: 223 960 482 392
0001001101011110: 227 235 916 859
0001001101011110: 229 960 482 392
0001001101011110: 231 706 968 767
0001001101011110: 233 706 968 767
0001001101011110: 233 282 612 593
0001001101011110: 235 916 875 859
0001001101011110: 235 916 658 859
0001001101011110: 235 916 485 859
0001001101011110: 235 916 410 859
0001001101011110: 235 916 385 859
0001001101011110: 235 916 859 992
0001001101011110: 235 916 859 984
0001001101011110: 235 916 859 896
0001001101011110: 235 916 859 770
0001001101011110: 235 916 859 706
0001001101011110: 235 916 859 480
0001001101011110: 235 916 859 464
0001001101011110: 235 916 859 396
0001001101011110: 235 916 859 342
0001001101011110: 235 916 859 815
0001001101011110: 235 916 859 508
0001001101011110: 235 916 859 309
0001001101011110: 239 985 832 814
0001001101011110: 239 901 869 587
0001001101011110: 246 392 960 482
0001001101011110: 251 635 789 554
0001001101011110: 253 760 724 301
0001001101011110: 253 392 960 482
0001001101011110: 256 960 482 392
0001001101011110: 260 861 573 448
0001001101011110: 260 643 573 448
0001001101011110: 260 620 573 448
0001001101011110: 260 573 621 448
0001001101011110: 260 573 448 928
0001001101011110: 260 573 448 819
0001001101011110: 260 573 448 782
0001001101011110: 260 573 448 349
0001001101011110: 260 573 448 312
0001001101011110: 265 852 459 343
0001001101011110: 269 814 985 832
0001001101011110: 270 559 758 294
0001001101011110: 270 559 616 437
0001001101011110: 272 294 758 559
0001001101011110: 273 701 945 798
0001001101011110: 274 901 869 587
0001001101011110: 274 612 593 282
0001001101011110: 275 343 852 459
0001001101011110: 281 550 358 290
0001001101011110: 282 672 612 593
0001001101011110: 282 631 612 593
0001001101011110: 282 612 982 593
0001001101011110: 282 612 567 593
0001001101011110: 282 612 562 593
0001001101011110: 282 612 593 507
0001001101011110: 282 612 593 464
0001001101011110: 282 612 593 413
0001001101011110: 284 836 723 477
0001001101011110: 284 436 674 476
0001001101011110: 285 968 767 706
0001001101011110: 287 389 977 810
0001001101011110: 289 899 830 574
0001001101011110: 289 874 830 574
0001001101011110: 289 830 996 574
0001001101011110: 289 830 994 574
0001001101011110: 289 830 848 574
0001001101011110: 289 830 625 574
0001001101011110: 289 830 455 574
0001001101011110: 289 830 419 574
0001001101011110: 289 830 820 574
0001001101011110: 289 830 574 948
0001001101011110: 289 830 574 946
0001001101011110: 289 830 574 765
0001001101011110: 289 830 574 736
0001001101011110: 289 830 574 499
0001001101011110: 289 830 574 361
0001001101011110: 289 830 574 308
0001001101011110: 290 728 550 358
0001001101011110: 290 550 988 358
0001001101011110: 290 550 943 358
0001001101011110: 290 550 886 358
0001001101011110: 290 550 874 358
0001001101011110: 290 550 814 358
0001001101011110: 290 550 774 358
0001001101011110: 290 550 753 358
0001001101011110: 290 550 657 358
0001001101011110: 290 550 566 358
0001001101011110: 290 550 401 358
0001001101011110: 290 550 358 748
0001001101011110: 290 550 358 670
0001001101011110: 290 550 358 533
0001001101011110: 290 550 358 502
0001001101011110: 294 967 758 559
0001001101011110: 294 758 979 559
0001001101011110: 294 758 862 559
0001001101011110: 294 758 784 559
0001001101011110: 294 758 526 559
0001001101011110: 294 758 698 559
0001001101011110: 294 758 567 559
0001001101011110: 294 758 559 873
0001001101011110: 294 758 559 616
0001001101011110: 294 758 559 437
0001001101011110: 294 758 559 539
0001001101011110: 294 559 616 437
0001001101011110: 301 876 760 724
0001001101011110: 301 760 908 724
0001001101011110: 301 760 648 724
0001001101011110: 301 760 724 444
0001001101011110: 301 760 724 417
0001001101011110: 301 760 724 393
0001001101011110: 301 760 724 680
0001001101011110: 301 760 724 668
0001001101011110: 301 760 724 341
0001001101011110: 306 814 985 832
0001001101011110: 318 836 723 477
0001001101011110: 319 904 764 395
0001001101011110: 322 945 798 701
0001001101011110: 324 749 731 723
0001001101011110: 326 764 904 395
0001001101011110: 332 904 764 395
0001001101011110: 336 960 482 392
0001001101011110: 343 852 911 459
0001001101011110: 343 852 703 459
0001001101011110: 343 852 660 459
0001001101011110: 343 852 740 459
0001001101011110: 343 852 555 459
0001001101011110: 343 852 459 915
0001001101011110: 344 635 789 554
0001001101011110: 357 476 674 436
0001001101011110: 359 977 810 389
0001001101011110: 360 764 904 395
0001001101011110: 361 810 977 389
0001001101011110: 373 968 767 706
0001001101011110: 389 999 977 810
0001001101011110: 389 977 743 810
0001001101011110: 389 977 421 810
0001001101011110: 389 977 411 810
0001001101011110: 389 977 886 810
0001001101011110: 389 977 810 845
0001001101011110: 389 977 810 602
0001001101011110: 389 977 810 545
0001001101011110: 389 977 810 477
0001001101011110: 389 477 836 723
0001001101011110: 391 635 789 554
0001001101011110: 392 960 890 482
0001001101011110: 392 960 613 482
0001001101011110: 392 960 514 482
0001001101011110: 392 960 672 482
0001001101011110: 392 960 482 966
0001001101011110: 392 960 482 806
0001001101011110: 392 960 482 629
0001001101011110: 392 960 482 578
0001001101011110: 395 904 864 764
0001001101011110: 395 904 833 764
0001001101011110: 395 904 728 764
0001001101011110: 395 904 707 764
0001001101011110: 395 904 640 764
0001001101011110: 395 904 575 764
0001001101011110: 395 904 510 764
0001001101011110: 395 904 764 792
0001001101011110: 395 904 764 628
0001001101011110: 395 904 764 568
0001001101011110: 395 904 764 444
0001001101011110: 395 904 764 417
0001001101011110: 395 904 764 471
0001001101011110: 395 904 764 429
0001001101011110: 396 476 674 436
0001001101011110: 397 554 789 635
0001001101011110: 398 554 789 635
0001001101011110: 400 836 723 477
0001001101011110: 404 965 871 617
0001001101011110: 405 436 674 476
0001001101011110: 407 436 674 476
0001001101011110: 411 965 871 617
0001001101011110: 412 832 985 814
0001001101011110: 413 945 798 701
0001001101011110: 414 871 965 617
0001001101011110: 415 723 836 477
0001001101011110: 415 723 749 731
0001001101011110: 416 798 945 701
0001001101011110: 418 635 789 554
0001001101011110: 419 968 767 706
0001001101011110: 419 437 616 559
0001001101011110: 426 985 832 814
0001001101011110: 435 706 968 767
0001001101011110: 436 856 674 476
0001001101011110: 436 686 674 476
0001001101011110: 436 674 955 476
0001001101011110: 436 674 865 476
0001001101011110: 436 674 845 476
0001001101011110: 436 674 713 476
0001001101011110: 436 674 603 476
0001001101011110: 436 674 529 476
0001001101011110: 436 674 476 1000
0001001101011110: 436 674 476 882
0001001101011110: 436 674 476 684
0001001101011110: 436 674 476 653
0001001101011110: 436 674 476 439
0001001101011110: 437 906 616 559
0001001101011110: 437 677 616 559
0001001101011110: 437 652 616 559
0001001101011110: 437 616 915 559
0001001101011110: 437 616 795 559
0001001101011110: 437 616 559 873
0001001101011110: 437 616 559 758
0001001101011110: 437 616 559 489
0001001101011110: 437 616 559 444
0001001101011110: 441 554 789 635
0001001101011110: 475 836 723 477
0001001101011110: 477 908 836 723
0001001101011110: 477 867 836 723
0001001101011110: 477 836 988 723
0001001101011110: 477 836 881 723
0001001101011110: 477 836 743 723
0001001101011110: 477 836 723 991
0001001101011110: 477 836 723 989
0001001101011110: 477 836 723 949
0001001101011110: 477 836 723 922
0001001101011110: 477 836 723 749
0001001101011110: 477 836 723 731
0001001101011110: 477 836 723 512
0001001101011110: 477 836 723 493
0001001101011110: 477 723 749 731
0001001101011110: 498 635 789 554
0001001101011110: 509 945 798 701
0001001101011110: 511 617 965 871
0001001101011110: 512 723 749 731
0001001101011110: 526 869 901 587
0001001101011110: 537 767 968 706
0001001101011110: 538 965 871 617
0001001101011110: 550 814 985 832
0001001101011110: 551 617 965 871
0001001101011110: 554 806 789 635
0001001101011110: 554 789 627 635
0001001101011110: 554 789 736 635
0001001101011110: 554 789 731 635
0001001101011110: 554 789 727 635
0001001101011110: 554 789 635 643
0001001101011110: 554 789 635 609
0001001101011110: 554 789 635 580
0001001101011110: 554 731 749 723
0001001101011110: 556 832 985 814
0001001101011110: 560 587 901 869
0001001101011110: 562 701 945 798
0001001101011110: 567 731 749 723
0001001101011110: 568 965 871 617
0001001101011110: 569 587 901 869
0001001101011110: 575 798 945 701
0001001101011110: 587 946 901 869
0001001101011110: 587 901 995 869
0001001101011110: 587 901 838 869
0001001101011110: 587 901 716 869
0001001101011110: 587 901 869 905
0001001101011110: 587 901 869 864
0001001101011110: 587 901 869 774
0001001101011110: 587 901 869 721
0001001101011110: 587 901 869 677
0001001101011110: 587 901 869 796
0001001101011110: 589 767 968 706
0001001101011110: 600 814 985 832
0001001101011110: 617 965 913 871
0001001101011110: 617 965 900 871
0001001101011110: 617 965 840 871
0001001101011110: 617 965 618 871
0001001101011110: 617 965 871 860
0001001101011110: 617 965 871 646
0001001101011110: 617 965 871 821
0001001101011110: 617 965 871 793
0001001101011110: 636 985 832 814
0001001101011110: 646 832 985 814
0001001101011110: 657 798 945 701
0001001101011110: 669 968 767 706
0001001101011110: 677 968 767 706
0001001101011110: 701 950 945 798
0001001101011110: 701 945 762 798
0001001101011110: 701 945 740 798
0001001101011110: 701 945 892 798
0001001101011110: 701 945 798 815
0001001101011110: 706 968 952 767
0001001101011110: 706 968 814 767
0001001101011110: 706 968 885 767
0001001101011110: 706 968 859 767
0001001101011110: 706 968 803 767
0001001101011110: 706 968 780 767
0001001101011110: 706 968 767 990
0001001101011110: 706 968 767 958
0001001101011110: 706 968 767 729
0001001101011110: 723 991 749 731
0001001101011110: 723 989 749 731
0001001101011110: 723 949 749 731
0001001101011110: 723 922 749 731
0001001101011110: 723 836 749 731
0001001101011110: 723 749 995 731
0001001101011110: 723 749 787 731
0001001101011110: 723 749 728 731
0001001101011110: 723 749 731 886
0001001101011110: 744 814 985 832
0001001101011110: 793 814 985 832
0001001101011110: 814 985 874 832
0001001101011110: 814 985 968 832
0001001101011110: 814 985 930 832
0001001101011110: 814 985 832 990
0001001101011110: 814 985 832 946
0001001101011110: 814 985 832 941
0001001101011110: 814 985 832 831
