0001001101011110: 2 850 454 444
0001001101011110: 2 648 454 444
0001001101011110: 2 541 454 444
0001001101011110: 2 459 454 444
0001001101011110: 2 454 962 444
0001001101011110: 2 454 865 444
0001001101011110: 2 454 790 444
0001001101011110: 2 454 586 444
0001001101011110: 2 454 530 444
0001001101011110: 2 454 305 444
0001001101011110: 2 454 444 756
0001001101011110: 2 454 444 335
0001001101011110: 2 454 444 296
0001001101011110: 2 454 444 140
0001001101011110: 3 462 641 50
0001001101011110: 3 213 771 690
0001001101011110: 3 213 645 324
0001001101011110: 4 999 730 597
0001001101011110: 5 970 533 37
0001001101011110: 5 970 622 371
0001001101011110: 5 912 622 371
0001001101011110: 5 763 622 371
0001001101011110: 5 696 899 775
0001001101011110: 5 696 622 371
0001001101011110: 5 622 709 371
0001001101011110: 5 622 513 371
0001001101011110: 5 622 272 371
0001001101011110: 5 622 73 371
0001001101011110: 5 622 28 371
0001001101011110: 5 622 371 736
0001001101011110: 5 622 371 520
0001001101011110: 5 622 371 508
0001001101011110: 5 622 371 484
0001001101011110: 5 622 371 298
0001001101011110: 5 622 371 269
0001001101011110: 5 622 371 261
0001001101011110: 5 622 371 251
0001001101011110: 5 371 736 508
0001001101011110: 5 251 514 381
0001001101011110: 10 966 148 70
0001001101011110: 10 545 535 324
0001001101011110: 10 303 314 245
0001001101011110: 11 533 970 37
0001001101011110: 11 533 907 37
0001001101011110: 11 533 579 298
0001001101011110: 12 827 823 105
0001001101011110: 12 131 746 346
0001001101011110: 13 951 348 325
0001001101011110: 13 139 659 517
0001001101011110: 14 533 970 37
0001001101011110: 14 533 907 37
0001001101011110: 14 533 579 298
0001001101011110: 15 307 837 284
0001001101011110: 15 307 727 698
0001001101011110: 17 966 148 70
0001001101011110: 19 933 801 118
0001001101011110: 19 219 953 344
0001001101011110: 21 696 899 775
0001001101011110: 21 525 764 724
0001001101011110: 22 229 949 155
0001001101011110: 24 539 502 158
0001001101011110: 25 775 899 696
0001001101011110: 25 775 421 308
0001001101011110: 27 325 951 348
0001001101011110: 27 198 662 623
0001001101011110: 28 622 409 338
0001001101011110: 28 430 409 338
0001001101011110: 28 409 979 338
0001001101011110: 28 409 956 338
0001001101011110: 28 409 855 338
0001001101011110: 28 409 686 338
0001001101011110: 28 409 630 338
0001001101011110: 28 409 433 338
0001001101011110: 28 409 402 338
0001001101011110: 28 409 239 338
0001001101011110: 28 409 43 338
0001001101011110: 28 409 346 338
0001001101011110: 28 409 338 930
0001001101011110: 28 409 338 920
0001001101011110: 28 409 338 809
0001001101011110: 28 409 338 792
0001001101011110: 28 409 338 623
0001001101011110: 28 409 338 514
0001001101011110: 28 409 338 469
0001001101011110: 28 409 338 355
0001001101011110: 28 409 338 240
0001001101011110: 28 409 338 213
0001001101011110: 28 409 338 202
0001001101011110: 28 409 338 134
0001001101011110: 28 409 338 36
0001001101011110: 28 409 338 246
0001001101011110: 28 346 746 131
0001001101011110: 28 338 920 355
0001001101011110: 29 902 699 814
0001001101011110: 29 902 583 814
0001001101011110: 29 902 513 814
0001001101011110: 29 902 504 814
0001001101011110: 29 902 234 814
0001001101011110: 29 902 814 811
0001001101011110: 29 902 814 757
0001001101011110: 29 902 814 490
0001001101011110: 29 902 814 697
0001001101011110: 29 902 814 571
0001001101011110: 29 902 814 566
0001001101011110: 29 902 814 555
0001001101011110: 29 902 814 542
0001001101011110: 29 902 814 466
0001001101011110: 29 902 814 261
0001001101011110: 29 902 814 143
0001001101011110: 29 571 887 99
0001001101011110: 30 887 571 99
0001001101011110: 31 615 225 156
0001001101011110: 33 730 999 597
0001001101011110: 34 955 863 118
0001001101011110: 34 955 656 591
0001001101011110: 34 508 736 371
0001001101011110: 34 421 775 308
0001001101011110: 35 659 517 139
0001001101011110: 36 338 920 355
0001001101011110: 36 198 662 623
0001001101011110: 37 970 821 533
0001001101011110: 37 970 509 533
0001001101011110: 37 970 92 533
0001001101011110: 37 970 696 533
0001001101011110: 37 970 533 976
0001001101011110: 37 970 533 974
0001001101011110: 37 970 533 901
0001001101011110: 37 970 533 757
0001001101011110: 37 970 533 579
0001001101011110: 37 970 533 389
0001001101011110: 37 970 533 368
0001001101011110: 37 970 533 298
0001001101011110: 37 970 533 519
0001001101011110: 37 970 533 340
0001001101011110: 37 970 533 99
0001001101011110: 37 970 533 88
0001001101011110: 37 970 533 43
0001001101011110: 37 907 667 533
0001001101011110: 37 907 633 533
0001001101011110: 37 907 605 533
0001001101011110: 37 907 484 533
0001001101011110: 37 907 316 533
0001001101011110: 37 907 55 533
0001001101011110: 37 907 696 533
0001001101011110: 37 907 533 976
0001001101011110: 37 907 533 974
0001001101011110: 37 907 533 901
0001001101011110: 37 907 533 757
0001001101011110: 37 907 533 579
0001001101011110: 37 907 533 389
0001001101011110: 37 907 533 368
0001001101011110: 37 907 533 298
0001001101011110: 37 907 533 519
0001001101011110: 37 907 533 340
0001001101011110: 37 907 533 99
0001001101011110: 37 907 533 88
0001001101011110: 37 907 533 43
0001001101011110: 37 696 899 775
0001001101011110: 37 533 579 298
0001001101011110: 37 99 887 571
0001001101011110: 37 43 816 751
0001001101011110: 39 597 999 730
0001001101011110: 39 597 845 625
0001001101011110: 40 920 355 338
0001001101011110: 40 155 949 229
0001001101011110: 42 478 408 171
0001001101011110: 42 118 955 863
0001001101011110: 42 118 933 801
0001001101011110: 43 935 816 751
0001001101011110: 43 816 886 751
0001001101011110: 43 816 844 751
0001001101011110: 43 816 654 751
0001001101011110: 43 816 392 751
0001001101011110: 43 816 336 751
0001001101011110: 43 816 244 751
0001001101011110: 43 816 231 751
0001001101011110: 43 816 751 979
0001001101011110: 43 816 751 904
0001001101011110: 43 816 751 769
0001001101011110: 43 816 751 726
0001001101011110: 43 816 751 606
0001001101011110: 43 816 751 160
0001001101011110: 43 816 751 705
0001001101011110: 43 816 751 471
0001001101011110: 43 816 751 435
0001001101011110: 43 816 751 409
0001001101011110: 43 816 751 401
0001001101011110: 43 816 751 149
0001001101011110: 45 196 141 80
0001001101011110: 48 724 764 525
0001001101011110: 48 421 775 308
0001001101011110: 49 308 775 421
0001001101011110: 50 998 641 462
0001001101011110: 50 744 641 462
0001001101011110: 50 641 861 462
0001001101011110: 50 641 673 462
0001001101011110: 50 641 599 462
0001001101011110: 50 641 319 462
0001001101011110: 50 641 462 753
0001001101011110: 50 641 462 594
0001001101011110: 50 641 462 580
0001001101011110: 50 641 462 538
0001001101011110: 50 641 462 446
0001001101011110: 50 641 462 339
0001001101011110: 50 641 462 336
0001001101011110: 50 641 462 214
0001001101011110: 50 641 462 179
0001001101011110: 50 641 462 159
0001001101011110: 50 641 462 361
0001001101011110: 50 641 462 346
0001001101011110: 50 346 746 131
0001001101011110: 51 848 913 332
0001001101011110: 53 348 951 325
0001001101011110: 54 421 775 308
0001001101011110: 55 975 801 322
0001001101011110: 55 907 801 322
0001001101011110: 55 801 971 322
0001001101011110: 55 801 933 118
0001001101011110: 55 801 933 322
0001001101011110: 55 801 726 322
0001001101011110: 55 801 688 322
0001001101011110: 55 801 566 322
0001001101011110: 55 801 391 322
0001001101011110: 55 801 118 322
0001001101011110: 55 801 519 322
0001001101011110: 55 801 506 322
0001001101011110: 55 801 491 322
0001001101011110: 55 801 417 322
0001001101011110: 55 801 322 929
0001001101011110: 55 801 322 646
0001001101011110: 55 801 322 114
0001001101011110: 56 355 920 338
0001001101011110: 58 920 355 338
0001001101011110: 58 293 910 235
0001001101011110: 59 234 908 272
0001001101011110: 60 80 196 141
0001001101011110: 62 508 736 371
0001001101011110: 62 355 920 338
0001001101011110: 63 953 344 219
0001001101011110: 63 863 955 118
0001001101011110: 63 701 681 653
0001001101011110: 63 701 653 228
0001001101011110: 66 86 624 529
0001001101011110: 68 908 272 234
0001001101011110: 68 579 533 298
0001001101011110: 68 514 381 251
0001001101011110: 69 724 764 525
0001001101011110: 70 966 929 148
0001001101011110: 70 966 876 148
0001001101011110: 70 966 658 148
0001001101011110: 70 966 440 148
0001001101011110: 70 966 172 148
0001001101011110: 70 966 795 148
0001001101011110: 70 966 668 148
0001001101011110: 70 966 590 148
0001001101011110: 70 966 585 148
0001001101011110: 70 966 519 148
0001001101011110: 70 966 480 148
0001001101011110: 70 966 316 148
0001001101011110: 70 966 288 148
0001001101011110: 70 966 221 148
0001001101011110: 70 966 194 148
0001001101011110: 70 966 170 148
0001001101011110: 70 966 148 944
0001001101011110: 70 966 148 863
0001001101011110: 70 966 148 806
0001001101011110: 70 966 148 803
0001001101011110: 70 966 148 757
0001001101011110: 70 966 148 631
0001001101011110: 70 966 148 450
0001001101011110: 70 966 148 406
0001001101011110: 70 966 148 376
0001001101011110: 70 966 148 361
0001001101011110: 70 966 148 303
0001001101011110: 70 966 148 142
0001001101011110: 72 156 615 225
0001001101011110: 73 597 999 730
0001001101011110: 73 597 845 625
0001001101011110: 73 198 662 623
0001001101011110: 75 950 470 243
0001001101011110: 75 671 470 243
0001001101011110: 75 574 470 243
0001001101011110: 75 531 470 243
0001001101011110: 75 470 848 243
0001001101011110: 75 470 759 243
0001001101011110: 75 470 309 243
0001001101011110: 75 470 243 653
0001001101011110: 75 470 243 344
0001001101011110: 75 470 243 226
0001001101011110: 75 470 243 198
0001001101011110: 75 470 243 139
0001001101011110: 75 470 243 131
0001001101011110: 75 139 659 517
0001001101011110: 75 131 746 346
0001001101011110: 77 355 920 338
0001001101011110: 79 724 764 525
0001001101011110: 80 774 196 141
0001001101011110: 80 459 196 141
0001001101011110: 80 421 775 308
0001001101011110: 80 421 196 141
0001001101011110: 80 407 196 141
0001001101011110: 80 400 196 141
0001001101011110: 80 323 196 141
0001001101011110: 80 229 949 155
0001001101011110: 80 229 196 141
0001001101011110: 80 196 987 141
0001001101011110: 80 196 926 141
0001001101011110: 80 196 921 141
0001001101011110: 80 196 846 141
0001001101011110: 80 196 798 141
0001001101011110: 80 196 787 141
0001001101011110: 80 196 736 141
0001001101011110: 80 196 490 141
0001001101011110: 80 196 138 141
0001001101011110: 80 196 151 141
0001001101011110: 80 196 141 941
0001001101011110: 80 196 141 938
0001001101011110: 80 196 141 881
0001001101011110: 80 196 141 654
0001001101011110: 80 196 141 380
0001001101011110: 80 196 141 316
0001001101011110: 80 196 141 90
0001001101011110: 83 94 968 945
0001001101011110: 84 775 899 696
0001001101011110: 84 775 421 308
0001001101011110: 85 724 764 525
0001001101011110: 86 908 272 234
0001001101011110: 86 908 624 529
0001001101011110: 86 624 802 529
0001001101011110: 86 624 775 529
0001001101011110: 86 624 763 529
0001001101011110: 86 624 701 529
0001001101011110: 86 624 658 529
0001001101011110: 86 624 449 529
0001001101011110: 86 624 393 529
0001001101011110: 86 624 391 529
0001001101011110: 86 624 298 529
0001001101011110: 86 624 529 614
0001001101011110: 86 624 529 441
0001001101011110: 86 624 529 388
0001001101011110: 86 624 529 101
0001001101011110: 86 624 529 99
0001001101011110: 86 624 529 450
0001001101011110: 86 624 529 365
0001001101011110: 87 355 920 338
0001001101011110: 87 293 910 235
0001001101011110: 88 355 920 338
0001001101011110: 88 272 908 234
0001001101011110: 91 105 827 823
0001001101011110: 92 771 690 213
0001001101011110: 93 579 533 298
0001001101011110: 93 139 659 517
0001001101011110: 94 992 968 945
0001001101011110: 94 968 933 945
0001001101011110: 94 968 917 945
0001001101011110: 94 968 912 945
0001001101011110: 94 968 797 945
0001001101011110: 94 968 549 945
0001001101011110: 94 968 475 945
0001001101011110: 94 968 945 878
0001001101011110: 94 968 945 839
0001001101011110: 94 968 945 793
0001001101011110: 94 968 945 498
0001001101011110: 94 968 945 453
0001001101011110: 94 968 945 800
0001001101011110: 94 968 945 795
0001001101011110: 94 968 945 773
0001001101011110: 94 968 945 634
0001001101011110: 94 968 945 526
0001001101011110: 94 968 945 428
0001001101011110: 98 219 953 344
0001001101011110: 99 923 887 571
0001001101011110: 99 887 748 571
0001001101011110: 99 887 691 571
0001001101011110: 99 887 664 571
0001001101011110: 99 887 306 571
0001001101011110: 99 887 271 571
0001001101011110: 99 887 158 571
0001001101011110: 99 887 644 571
0001001101011110: 99 887 571 896
0001001101011110: 99 887 571 847
0001001101011110: 99 887 571 762
0001001101011110: 99 887 571 647
0001001101011110: 99 887 571 309
0001001101011110: 99 887 571 251
0001001101011110: 99 887 571 237
0001001101011110: 99 887 571 170
0001001101011110: 99 887 571 529
0001001101011110: 99 887 571 460
0001001101011110: 99 887 571 179
0001001101011110: 102 922 737 725
0001001101011110: 103 653 701 681
0001001101011110: 103 653 701 228
0001001101011110: 105 892 827 823
0001001101011110: 105 827 950 823
0001001101011110: 105 827 889 823
0001001101011110: 105 827 799 823
0001001101011110: 105 827 705 823
0001001101011110: 105 827 447 823
0001001101011110: 105 827 823 707
0001001101011110: 105 827 823 812
0001001101011110: 105 827 823 797
0001001101011110: 105 827 823 717
0001001101011110: 105 827 823 629
0001001101011110: 105 827 823 377
0001001101011110: 105 827 823 333
0001001101011110: 105 827 823 282
0001001101011110: 105 827 823 217
0001001101011110: 106 303 314 245
0001001101011110: 108 730 999 597
0001001101011110: 108 517 659 139
0001001101011110: 113 848 913 332
0001001101011110: 117 284 837 307
0001001101011110: 117 171 478 408
0001001101011110: 118 955 959 863
0001001101011110: 118 955 954 863
0001001101011110: 118 955 838 863
0001001101011110: 118 955 656 591
0001001101011110: 118 955 656 863
0001001101011110: 118 955 634 863
0001001101011110: 118 955 621 863
0001001101011110: 118 955 591 863
0001001101011110: 118 955 248 863
0001001101011110: 118 955 933 863
0001001101011110: 118 955 933 801
0001001101011110: 118 955 863 910
0001001101011110: 118 955 863 581
0001001101011110: 118 955 863 513
0001001101011110: 118 955 863 489
0001001101011110: 118 955 863 487
0001001101011110: 118 955 863 189
0001001101011110: 118 955 863 153
0001001101011110: 118 955 863 148
0001001101011110: 118 955 863 855
0001001101011110: 118 955 863 801
0001001101011110: 118 955 863 607
0001001101011110: 118 955 863 490
0001001101011110: 118 955 863 314
0001001101011110: 118 933 982 801
0001001101011110: 118 933 968 801
0001001101011110: 118 933 664 801
0001001101011110: 118 933 506 801
0001001101011110: 118 933 232 801
0001001101011110: 118 933 863 801
0001001101011110: 118 933 855 801
0001001101011110: 118 933 801 971
0001001101011110: 118 933 801 726
0001001101011110: 118 933 801 688
0001001101011110: 118 933 801 566
0001001101011110: 118 933 801 391
0001001101011110: 118 933 801 322
0001001101011110: 118 933 801 607
0001001101011110: 118 933 801 490
0001001101011110: 118 933 801 314
0001001101011110: 118 314 303 245
0001001101011110: 120 623 662 198
0001001101011110: 122 408 798 749
0001001101011110: 122 408 478 171
0001001101011110: 124 155 949 229
0001001101011110: 125 591 955 656
0001001101011110: 125 591 360 310
0001001101011110: 125 360 943 310
0001001101011110: 125 360 835 310
0001001101011110: 125 360 833 310
0001001101011110: 125 360 789 310
0001001101011110: 125 360 652 310
0001001101011110: 125 360 521 310
0001001101011110: 125 360 310 994
0001001101011110: 125 360 310 825
0001001101011110: 125 360 310 757
0001001101011110: 125 360 310 684
0001001101011110: 125 360 310 618
0001001101011110: 125 360 310 515
0001001101011110: 125 360 310 422
0001001101011110: 125 360 310 260
0001001101011110: 126 908 272 234
0001001101011110: 126 701 681 653
0001001101011110: 126 701 653 228
0001001101011110: 127 730 999 597
0001001101011110: 131 981 746 346
0001001101011110: 131 975 746 346
0001001101011110: 131 958 746 346
0001001101011110: 131 880 746 346
0001001101011110: 131 832 746 346
0001001101011110: 131 824 746 346
0001001101011110: 131 746 732 346
0001001101011110: 131 746 663 346
0001001101011110: 131 746 581 346
0001001101011110: 131 746 453 346
0001001101011110: 131 746 326 346
0001001101011110: 131 746 212 346
0001001101011110: 131 746 134 346
0001001101011110: 131 746 723 346
0001001101011110: 131 746 580 346
0001001101011110: 131 746 484 346
0001001101011110: 131 746 445 346
0001001101011110: 131 746 346 668
0001001101011110: 131 746 346 455
0001001101011110: 131 746 346 443
0001001101011110: 134 338 920 355
0001001101011110: 134 272 908 234
0001001101011110: 137 508 736 371
0001001101011110: 138 913 848 332
0001001101011110: 139 884 659 517
0001001101011110: 139 758 659 517
0001001101011110: 139 704 659 517
0001001101011110: 139 697 659 517
0001001101011110: 139 659 826 517
0001001101011110: 139 659 821 517
0001001101011110: 139 659 619 517
0001001101011110: 139 659 482 517
0001001101011110: 139 659 182 517
0001001101011110: 139 659 144 517
0001001101011110: 139 659 517 947
0001001101011110: 139 659 517 903
0001001101011110: 139 659 517 789
0001001101011110: 139 659 517 539
0001001101011110: 139 659 517 271
0001001101011110: 139 659 517 478
0001001101011110: 139 659 517 380
0001001101011110: 139 659 517 373
0001001101011110: 139 659 517 314
0001001101011110: 139 478 408 171
0001001101011110: 139 314 303 245
0001001101011110: 140 900 996 255
0001001101011110: 140 303 314 245
0001001101011110: 142 213 771 690
0001001101011110: 142 213 645 324
0001001101011110: 143 996 900 255
0001001101011110: 143 293 910 235
0001001101011110: 145 539 502 158
0001001101011110: 145 171 478 408
0001001101011110: 148 303 314 245
0001001101011110: 151 645 324 213
0001001101011110: 151 478 408 171
0001001101011110: 151 272 908 234
0001001101011110: 155 989 949 229
0001001101011110: 155 975 949 229
0001001101011110: 155 949 646 229
0001001101011110: 155 949 642 229
0001001101011110: 155 949 625 229
0001001101011110: 155 949 257 229
0001001101011110: 155 949 757 229
0001001101011110: 155 949 675 229
0001001101011110: 155 949 427 229
0001001101011110: 155 949 229 947
0001001101011110: 155 949 229 830
0001001101011110: 155 949 229 783
0001001101011110: 155 949 229 465
0001001101011110: 155 949 229 426
0001001101011110: 155 949 229 171
0001001101011110: 156 914 615 225
0001001101011110: 156 747 615 225
0001001101011110: 156 615 998 225
0001001101011110: 156 615 926 225
0001001101011110: 156 615 916 225
0001001101011110: 156 615 723 225
0001001101011110: 156 615 587 225
0001001101011110: 156 615 494 225
0001001101011110: 156 615 477 225
0001001101011110: 156 615 452 225
0001001101011110: 156 615 225 838
0001001101011110: 156 615 225 186
0001001101011110: 157 908 272 234
0001001101011110: 158 887 539 502
0001001101011110: 158 866 539 502
0001001101011110: 158 539 703 502
0001001101011110: 158 539 532 502
0001001101011110: 158 539 517 502
0001001101011110: 158 539 509 502
0001001101011110: 158 539 343 502
0001001101011110: 158 539 502 853
0001001101011110: 158 539 502 732
0001001101011110: 158 539 502 589
0001001101011110: 158 539 502 256
0001001101011110: 158 539 502 236
0001001101011110: 158 539 502 344
0001001101011110: 158 539 502 328
0001001101011110: 158 539 502 177
0001001101011110: 158 539 502 164
0001001101011110: 158 344 953 219
0001001101011110: 159 690 771 213
0001001101011110: 159 478 408 171
0001001101011110: 159 355 920 338
0001001101011110: 163 298 579 533
0001001101011110: 164 625 845 597
0001001101011110: 167 727 698 307
0001001101011110: 167 314 303 245
0001001101011110: 169 421 775 308
0001001101011110: 171 977 478 408
0001001101011110: 171 808 478 408
0001001101011110: 171 639 478 408
0001001101011110: 171 478 728 408
0001001101011110: 171 478 687 408
0001001101011110: 171 478 283 408
0001001101011110: 171 478 408 978
0001001101011110: 171 478 408 957
0001001101011110: 171 478 408 931
0001001101011110: 171 478 408 881
0001001101011110: 171 478 408 798
0001001101011110: 171 478 408 749
0001001101011110: 171 478 408 325
0001001101011110: 171 478 408 303
0001001101011110: 171 478 408 268
0001001101011110: 171 478 408 223
0001001101011110: 171 478 408 304
0001001101011110: 171 478 408 229
0001001101011110: 171 408 798 749
0001001101011110: 174 730 999 597
0001001101011110: 174 681 701 653
0001001101011110: 175 696 899 775
0001001101011110: 177 381 514 251
0001001101011110: 179 255 996 900
0001001101011110: 183 534 961 232
0001001101011110: 186 355 920 338
0001001101011110: 187 303 314 245
0001001101011110: 188 736 508 371
0001001101011110: 189 623 662 198
0001001101011110: 189 355 920 338
0001001101011110: 191 725 922 737
0001001101011110: 192 771 690 213
0001001101011110: 194 245 314 303
0001001101011110: 195 996 900 255
0001001101011110: 196 798 749 408
0001001101011110: 196 736 508 371
0001001101011110: 198 939 662 623
0001001101011110: 198 662 817 623
0001001101011110: 198 662 387 623
0001001101011110: 198 662 386 623
0001001101011110: 198 662 359 623
0001001101011110: 198 662 344 623
0001001101011110: 198 662 623 706
0001001101011110: 198 662 623 374
0001001101011110: 198 662 623 338
0001001101011110: 198 662 623 226
0001001101011110: 198 662 623 214
0001001101011110: 198 662 623 508
0001001101011110: 198 662 623 243
0001001101011110: 198 508 736 371
0001001101011110: 200 913 848 332
0001001101011110: 201 255 996 900
0001001101011110: 202 338 920 355
0001001101011110: 207 845 625 597
0001001101011110: 213 943 771 690
0001001101011110: 213 943 645 324
0001001101011110: 213 851 771 690
0001001101011110: 213 851 645 324
0001001101011110: 213 779 771 690
0001001101011110: 213 779 645 324
0001001101011110: 213 771 855 690
0001001101011110: 213 771 790 690
0001001101011110: 213 771 690 793
0001001101011110: 213 771 690 598
0001001101011110: 213 771 690 463
0001001101011110: 213 771 690 645
0001001101011110: 213 771 690 608
0001001101011110: 213 771 690 594
0001001101011110: 213 771 690 377
0001001101011110: 213 771 690 338
0001001101011110: 213 771 690 324
0001001101011110: 213 771 645 324
0001001101011110: 213 690 645 324
0001001101011110: 213 645 548 324
0001001101011110: 213 645 352 324
0001001101011110: 213 645 287 324
0001001101011110: 213 645 264 324
0001001101011110: 213 645 608 324
0001001101011110: 213 645 594 324
0001001101011110: 213 645 377 324
0001001101011110: 213 645 338 324
0001001101011110: 213 645 324 560
0001001101011110: 213 645 324 545
0001001101011110: 213 645 324 535
0001001101011110: 213 645 324 452
0001001101011110: 213 645 324 218
0001001101011110: 213 338 920 355
0001001101011110: 213 324 545 535
0001001101011110: 214 251 514 381
0001001101011110: 216 653 701 681
0001001101011110: 216 653 701 228
0001001101011110: 217 727 698 307
0001001101011110: 218 324 545 535
0001001101011110: 219 953 960 344
0001001101011110: 219 953 825 344
0001001101011110: 219 953 449 344
0001001101011110: 219 953 657 344
0001001101011110: 219 953 652 344
0001001101011110: 219 953 344 936
0001001101011110: 219 953 344 856
0001001101011110: 219 953 344 662
0001001101011110: 219 953 344 655
0001001101011110: 219 953 344 643
0001001101011110: 219 953 344 632
0001001101011110: 219 953 344 468
0001001101011110: 219 953 344 320
0001001101011110: 219 953 344 243
0001001101011110: 219 953 344 340
0001001101011110: 222 681 701 653
0001001101011110: 223 408 798 749
0001001101011110: 226 332 913 848
0001001101011110: 228 865 701 653
0001001101011110: 228 850 701 653
0001001101011110: 228 781 701 653
0001001101011110: 228 701 976 653
0001001101011110: 228 701 832 653
0001001101011110: 228 701 778 653
0001001101011110: 228 701 734 653
0001001101011110: 228 701 705 653
0001001101011110: 228 701 675 653
0001001101011110: 228 701 624 653
0001001101011110: 228 701 653 975
0001001101011110: 228 701 653 929
0001001101011110: 228 701 653 826
0001001101011110: 228 701 653 700
0001001101011110: 228 701 653 501
0001001101011110: 228 701 653 418
0001001101011110: 228 701 653 320
0001001101011110: 228 701 653 306
0001001101011110: 228 701 653 268
0001001101011110: 228 701 653 243
0001001101011110: 228 701 653 439
0001001101011110: 232 961 710 534
0001001101011110: 232 961 696 534
0001001101011110: 232 961 540 534
0001001101011110: 232 961 395 534
0001001101011110: 232 961 933 534
0001001101011110: 232 961 759 534
0001001101011110: 232 961 652 534
0001001101011110: 232 961 647 534
0001001101011110: 232 961 534 998
0001001101011110: 232 961 534 991
0001001101011110: 232 961 534 876
0001001101011110: 232 961 534 840
0001001101011110: 232 961 534 734
0001001101011110: 232 961 534 706
0001001101011110: 232 961 534 566
0001001101011110: 232 961 534 498
0001001101011110: 232 961 534 357
0001001101011110: 232 961 534 319
0001001101011110: 234 908 909 272
0001001101011110: 234 908 688 272
0001001101011110: 234 908 614 272
0001001101011110: 234 908 902 272
0001001101011110: 234 908 391 272
0001001101011110: 234 908 352 272
0001001101011110: 234 908 306 272
0001001101011110: 234 908 272 650
0001001101011110: 234 908 272 622
0001001101011110: 234 908 272 598
0001001101011110: 234 908 272 582
0001001101011110: 234 908 272 566
0001001101011110: 234 908 272 507
0001001101011110: 235 986 910 293
0001001101011110: 235 910 863 293
0001001101011110: 235 910 759 293
0001001101011110: 235 910 596 293
0001001101011110: 235 910 568 293
0001001101011110: 235 910 826 293
0001001101011110: 235 910 536 293
0001001101011110: 235 910 512 293
0001001101011110: 235 910 355 293
0001001101011110: 235 910 293 983
0001001101011110: 235 910 293 734
0001001101011110: 235 910 293 621
0001001101011110: 235 910 293 311
0001001101011110: 235 355 920 338
0001001101011110: 236 421 775 308
0001001101011110: 237 508 736 371
0001001101011110: 238 913 848 332
0001001101011110: 240 338 920 355
0001001101011110: 243 653 701 681
0001001101011110: 244 625 845 597
0001001101011110: 245 674 314 303
0001001101011110: 245 669 314 303
0001001101011110: 245 596 314 303
0001001101011110: 245 510 314 303
0001001101011110: 245 433 314 303
0001001101011110: 245 350 314 303
0001001101011110: 245 314 757 303
0001001101011110: 245 314 577 303
0001001101011110: 245 314 303 671
0001001101011110: 245 314 303 563
0001001101011110: 245 314 303 465
0001001101011110: 245 314 303 408
0001001101011110: 245 314 303 318
0001001101011110: 245 314 303 295
0001001101011110: 248 955 656 591
0001001101011110: 248 951 348 325
0001001101011110: 248 284 837 307
0001001101011110: 251 929 514 381
0001001101011110: 251 926 514 381
0001001101011110: 251 920 355 338
0001001101011110: 251 920 514 381
0001001101011110: 251 791 514 381
0001001101011110: 251 786 514 381
0001001101011110: 251 719 514 381
0001001101011110: 251 571 514 381
0001001101011110: 251 556 514 381
0001001101011110: 251 514 972 381
0001001101011110: 251 514 969 381
0001001101011110: 251 514 899 381
0001001101011110: 251 514 675 381
0001001101011110: 251 514 576 381
0001001101011110: 251 514 388 381
0001001101011110: 251 514 338 381
0001001101011110: 251 514 463 381
0001001101011110: 251 514 381 984
0001001101011110: 251 514 381 890
0001001101011110: 251 514 381 878
0001001101011110: 251 514 381 862
0001001101011110: 251 514 381 681
0001001101011110: 251 514 381 664
0001001101011110: 251 514 381 264
0001001101011110: 251 514 381 252
0001001101011110: 254 591 955 656
0001001101011110: 255 996 706 900
0001001101011110: 255 996 558 900
0001001101011110: 255 996 461 900
0001001101011110: 255 996 440 900
0001001101011110: 255 996 300 900
0001001101011110: 255 996 974 900
0001001101011110: 255 996 900 560
0001001101011110: 255 996 900 870
0001001101011110: 255 996 900 862
0001001101011110: 255 996 900 696
0001001101011110: 255 996 900 572
0001001101011110: 255 996 900 402
0001001101011110: 255 996 900 401
0001001101011110: 255 696 899 775
0001001101011110: 268 653 701 681
0001001101011110: 268 408 798 749
0001001101011110: 281 508 736 371
0001001101011110: 284 837 734 307
0001001101011110: 284 837 629 307
0001001101011110: 284 837 484 307
0001001101011110: 284 837 425 307
0001001101011110: 284 837 826 307
0001001101011110: 284 837 776 307
0001001101011110: 284 837 731 307
0001001101011110: 284 837 671 307
0001001101011110: 284 837 531 307
0001001101011110: 284 837 428 307
0001001101011110: 284 837 392 307
0001001101011110: 284 837 307 892
0001001101011110: 284 837 307 808
0001001101011110: 284 837 307 727
0001001101011110: 284 837 307 698
0001001101011110: 284 837 307 288
0001001101011110: 284 307 727 698
0001001101011110: 285 920 355 338
0001001101011110: 290 696 899 775
0001001101011110: 291 535 545 324
0001001101011110: 294 625 845 597
0001001101011110: 297 591 955 656
0001001101011110: 297 308 775 421
0001001101011110: 298 929 579 533
0001001101011110: 298 926 579 533
0001001101011110: 298 918 579 533
0001001101011110: 298 891 579 533
0001001101011110: 298 624 579 533
0001001101011110: 298 579 503 533
0001001101011110: 298 579 431 533
0001001101011110: 298 579 419 533
0001001101011110: 298 579 302 533
0001001101011110: 298 579 566 533
0001001101011110: 298 579 533 976
0001001101011110: 298 579 533 974
0001001101011110: 298 579 533 970
0001001101011110: 298 579 533 907
0001001101011110: 298 579 533 901
0001001101011110: 298 579 533 757
0001001101011110: 298 579 533 389
0001001101011110: 298 579 533 368
0001001101011110: 298 579 533 494
0001001101011110: 298 579 533 482
0001001101011110: 298 579 533 373
0001001101011110: 298 579 533 371
0001001101011110: 298 371 736 508
0001001101011110: 303 408 798 749
0001001101011110: 306 653 701 681
0001001101011110: 307 892 727 698
0001001101011110: 307 837 727 698
0001001101011110: 307 808 727 698
0001001101011110: 307 727 840 698
0001001101011110: 307 727 713 698
0001001101011110: 307 727 428 698
0001001101011110: 307 727 348 698
0001001101011110: 307 727 698 960
0001001101011110: 307 727 698 851
0001001101011110: 307 727 698 820
0001001101011110: 307 727 698 786
0001001101011110: 307 727 698 719
0001001101011110: 307 727 698 597
0001001101011110: 307 727 698 481
0001001101011110: 308 794 775 421
0001001101011110: 308 775 899 696
0001001101011110: 308 775 899 421
0001001101011110: 308 775 799 421
0001001101011110: 308 775 696 421
0001001101011110: 308 775 624 421
0001001101011110: 308 775 407 421
0001001101011110: 308 775 330 421
0001001101011110: 308 775 421 925
0001001101011110: 308 775 421 842
0001001101011110: 308 775 421 348
0001001101011110: 309 899 775 696
0001001101011110: 312 920 355 338
0001001101011110: 320 653 701 681
0001001101011110: 324 645 545 535
0001001101011110: 324 560 545 535
0001001101011110: 324 545 962 535
0001001101011110: 324 545 674 535
0001001101011110: 324 545 440 535
0001001101011110: 324 545 535 503
0001001101011110: 324 545 535 452
0001001101011110: 325 951 985 348
0001001101011110: 325 951 880 348
0001001101011110: 325 951 574 348
0001001101011110: 325 951 566 348
0001001101011110: 325 951 790 348
0001001101011110: 325 951 650 348
0001001101011110: 325 951 519 348
0001001101011110: 325 951 488 348
0001001101011110: 325 951 408 348
0001001101011110: 325 951 375 348
0001001101011110: 325 951 348 856
0001001101011110: 325 951 348 836
0001001101011110: 325 951 348 727
0001001101011110: 325 951 348 522
0001001101011110: 325 951 348 515
0001001101011110: 325 951 348 421
0001001101011110: 325 951 348 361
0001001101011110: 325 408 798 749
0001001101011110: 328 591 955 656
0001001101011110: 330 775 899 696
0001001101011110: 332 913 993 848
0001001101011110: 332 913 852 848
0001001101011110: 332 913 848 991
0001001101011110: 332 913 848 906
0001001101011110: 332 913 848 685
0001001101011110: 332 913 848 613
0001001101011110: 332 913 848 521
0001001101011110: 332 913 848 470
0001001101011110: 332 913 848 433
0001001101011110: 332 913 848 384
0001001101011110: 332 913 848 350
0001001101011110: 334 508 736 371
0001001101011110: 336 730 999 597
0001001101011110: 338 930 920 355
0001001101011110: 338 920 1000 355
0001001101011110: 338 920 882 355
0001001101011110: 338 920 682 355
0001001101011110: 338 920 667 355
0001001101011110: 338 920 809 355
0001001101011110: 338 920 792 355
0001001101011110: 338 920 623 355
0001001101011110: 338 920 514 355
0001001101011110: 338 920 469 355
0001001101011110: 338 920 409 355
0001001101011110: 338 920 355 821
0001001101011110: 338 920 355 671
0001001101011110: 338 920 355 433
0001001101011110: 340 597 999 730
0001001101011110: 340 597 845 625
0001001101011110: 343 764 724 525
0001001101011110: 349 508 736 371
0001001101011110: 352 681 701 653
0001001101011110: 361 597 999 730
0001001101011110: 361 597 845 625
0001001101011110: 362 681 701 653
0001001101011110: 371 736 924 508
0001001101011110: 371 736 888 508
0001001101011110: 371 736 414 508
0001001101011110: 371 736 622 508
0001001101011110: 371 736 520 508
0001001101011110: 371 736 508 977
0001001101011110: 371 736 508 484
0001001101011110: 374 625 845 597
0001001101011110: 381 681 701 653
0001001101011110: 382 737 922 725
0001001101011110: 391 737 922 725
0001001101011110: 391 625 845 597
0001001101011110: 392 798 749 408
0001001101011110: 394 764 724 525
0001001101011110: 405 597 999 730
0001001101011110: 405 597 845 625
0001001101011110: 407 775 899 696
0001001101011110: 408 978 798 749
0001001101011110: 408 957 798 749
0001001101011110: 408 931 798 749
0001001101011110: 408 881 798 749
0001001101011110: 408 798 681 749
0001001101011110: 408 798 651 749
0001001101011110: 408 798 628 749
0001001101011110: 408 798 599 749
0001001101011110: 408 798 548 749
0001001101011110: 408 798 749 940
0001001101011110: 408 798 749 904
0001001101011110: 408 798 749 780
0001001101011110: 408 798 749 604
0001001101011110: 408 798 749 576
0001001101011110: 408 798 749 491
0001001101011110: 408 798 749 478
0001001101011110: 418 653 701 681
0001001101011110: 418 625 845 597
0001001101011110: 419 681 701 653
0001001101011110: 421 775 899 696
0001001101011110: 423 922 737 725
0001001101011110: 424 696 899 775
0001001101011110: 425 737 922 725
0001001101011110: 434 730 999 597
0001001101011110: 435 999 730 597
0001001101011110: 440 737 922 725
0001001101011110: 460 922 737 725
0001001101011110: 501 999 730 597
0001001101011110: 501 653 701 681
0001001101011110: 514 899 775 696
0001001101011110: 522 764 724 525
0001001101011110: 525 988 764 724
0001001101011110: 525 929 764 724
0001001101011110: 525 764 850 724
0001001101011110: 525 764 773 724
0001001101011110: 525 764 672 724
0001001101011110: 525 764 631 724
0001001101011110: 525 764 536 724
0001001101011110: 525 764 724 686
0001001101011110: 525 764 724 570
0001001101011110: 531 696 899 775
0001001101011110: 542 922 737 725
0001001101011110: 546 725 922 737
0001001101011110: 553 899 775 696
0001001101011110: 573 656 955 591
0001001101011110: 591 955 959 656
0001001101011110: 591 955 954 656
0001001101011110: 591 955 863 656
0001001101011110: 591 955 838 656
0001001101011110: 591 955 634 656
0001001101011110: 591 955 621 656
0001001101011110: 591 955 899 656
0001001101011110: 591 955 656 939
0001001101011110: 591 955 656 788
0001001101011110: 591 955 656 741
0001001101011110: 591 899 775 696
0001001101011110: 597 999 711 730
0001001101011110: 597 999 602 730
0001001101011110: 597 999 845 730
0001001101011110: 597 999 845 625
0001001101011110: 597 999 836 730
0001001101011110: 597 999 730 698
0001001101011110: 597 999 730 625
0001001101011110: 597 845 980 625
0001001101011110: 597 845 729 625
0001001101011110: 597 845 836 625
0001001101011110: 597 845 730 625
0001001101011110: 597 845 698 625
0001001101011110: 597 845 625 949
0001001101011110: 597 845 625 686
0001001101011110: 597 845 625 614
0001001101011110: 597 845 625 608
0001001101011110: 607 681 701 653
0001001101011110: 624 775 899 696
0001001101011110: 624 701 681 653
0001001101011110: 632 725 922 737
0001001101011110: 639 725 922 737
0001001101011110: 653 975 701 681
0001001101011110: 653 929 701 681
0001001101011110: 653 826 701 681
0001001101011110: 653 701 976 681
0001001101011110: 653 701 832 681
0001001101011110: 653 701 778 681
0001001101011110: 653 701 734 681
0001001101011110: 653 701 705 681
0001001101011110: 653 701 675 681
0001001101011110: 653 701 700 681
0001001101011110: 653 701 681 925
0001001101011110: 653 701 681 798
0001001101011110: 682 725 922 737
0001001101011110: 695 725 922 737
0001001101011110: 696 997 899 775
0001001101011110: 696 961 899 775
0001001101011110: 696 899 821 775
0001001101011110: 696 899 775 799
0001001101011110: 722 725 922 737
0001001101011110: 725 965 922 737
0001001101011110: 725 922 737 912
0001001101011110: 725 922 737 889
0001001101011110: 725 922 737 769
