0001001101011110: 1 281 439 413
0001001101011110: 1 30 159 45
0001001101011110: 2 366 389 82
0001001101011110: 2 193 205 92
0001001101011110: 2 162 374 206
0001001101011110: 2 162 201 155
0001001101011110: 3 446 316 148
0001001101011110: 3 446 316 14
0001001101011110: 3 446 214 14
0001001101011110: 3 446 188 14
0001001101011110: 3 446 181 14
0001001101011110: 3 446 168 14
0001001101011110: 3 446 148 14
0001001101011110: 3 446 116 14
0001001101011110: 3 446 96 14
0001001101011110: 3 446 89 14
0001001101011110: 3 446 75 14
0001001101011110: 3 446 65 14
0001001101011110: 3 446 263 14
0001001101011110: 3 446 222 14
0001001101011110: 3 446 205 14
0001001101011110: 3 446 204 14
0001001101011110: 3 446 14 463
0001001101011110: 3 446 14 424
0001001101011110: 3 446 14 269
0001001101011110: 3 446 14 200
0001001101011110: 3 446 14 154
0001001101011110: 3 446 14 97
0001001101011110: 3 446 14 7
0001001101011110: 3 263 343 65
0001001101011110: 3 205 193 92
0001001101011110: 4 161 354 223
0001001101011110: 4 6 454 150
0001001101011110: 5 280 375 82
0001001101011110: 5 267 321 244
0001001101011110: 5 237 252 210
0001001101011110: 6 454 354 150
0001001101011110: 6 454 181 150
0001001101011110: 6 454 157 150
0001001101011110: 6 454 102 150
0001001101011110: 6 454 74 150
0001001101011110: 6 454 342 150
0001001101011110: 6 454 327 150
0001001101011110: 6 454 321 150
0001001101011110: 6 454 300 150
0001001101011110: 6 454 188 150
0001001101011110: 6 454 150 316
0001001101011110: 6 454 150 310
0001001101011110: 6 454 150 201
0001001101011110: 6 454 150 72
0001001101011110: 6 454 150 108
0001001101011110: 6 321 421 26
0001001101011110: 6 321 267 244
0001001101011110: 6 321 229 73
0001001101011110: 6 321 159 129
0001001101011110: 6 321 159 73
0001001101011110: 8 430 414 252
0001001101011110: 8 430 357 252
0001001101011110: 8 430 319 252
0001001101011110: 8 430 185 252
0001001101011110: 8 430 178 252
0001001101011110: 8 430 134 252
0001001101011110: 8 430 67 252
0001001101011110: 8 430 43 252
0001001101011110: 8 430 398 252
0001001101011110: 8 430 395 252
0001001101011110: 8 430 359 252
0001001101011110: 8 430 353 252
0001001101011110: 8 430 252 292
0001001101011110: 8 430 252 237
0001001101011110: 8 430 252 220
0001001101011110: 8 430 252 211
0001001101011110: 8 430 252 210
0001001101011110: 8 430 252 144
0001001101011110: 8 430 252 42
0001001101011110: 8 430 252 231
0001001101011110: 8 430 252 226
0001001101011110: 8 430 252 88
0001001101011110: 8 353 387 146
0001001101011110: 8 252 237 210
0001001101011110: 9 271 309 228
0001001101011110: 9 177 278 111
0001001101011110: 10 309 271 228
0001001101011110: 10 251 228 190
0001001101011110: 10 251 173 55
0001001101011110: 10 251 148 55
0001001101011110: 10 251 84 76
0001001101011110: 10 251 76 59
0001001101011110: 10 178 287 116
0001001101011110: 11 323 447 152
0001001101011110: 11 323 256 152
0001001101011110: 11 323 187 152
0001001101011110: 11 323 90 152
0001001101011110: 11 323 85 152
0001001101011110: 11 323 50 152
0001001101011110: 11 323 231 152
0001001101011110: 11 323 178 152
0001001101011110: 11 323 168 152
0001001101011110: 11 323 152 383
0001001101011110: 11 323 152 370
0001001101011110: 11 323 152 357
0001001101011110: 11 323 152 293
0001001101011110: 11 323 152 242
0001001101011110: 11 323 152 186
0001001101011110: 11 323 152 184
0001001101011110: 11 323 152 173
0001001101011110: 11 323 152 108
0001001101011110: 11 178 287 116
0001001101011110: 12 48 339 117
0001001101011110: 13 432 330 26
0001001101011110: 13 432 265 229
0001001101011110: 13 265 464 229
0001001101011110: 13 265 435 229
0001001101011110: 13 265 353 229
0001001101011110: 13 265 295 229
0001001101011110: 13 265 288 229
0001001101011110: 13 265 285 229
0001001101011110: 13 265 202 229
0001001101011110: 13 265 114 229
0001001101011110: 13 265 99 229
0001001101011110: 13 265 95 229
0001001101011110: 13 265 251 229
0001001101011110: 13 265 231 229
0001001101011110: 13 265 229 321
0001001101011110: 13 265 229 156
0001001101011110: 13 265 229 139
0001001101011110: 13 265 229 98
0001001101011110: 13 265 229 73
0001001101011110: 13 265 229 65
0001001101011110: 13 265 229 221
0001001101011110: 13 265 229 135
0001001101011110: 13 265 229 72
0001001101011110: 13 265 229 57
0001001101011110: 13 251 228 190
0001001101011110: 13 251 173 55
0001001101011110: 13 251 148 55
0001001101011110: 13 251 84 76
0001001101011110: 13 251 76 59
0001001101011110: 13 229 321 73
0001001101011110: 13 72 40 29
0001001101011110: 13 57 344 51
0001001101011110: 14 446 316 148
0001001101011110: 14 154 312 160
0001001101011110: 15 164 260 117
0001001101011110: 15 164 260 62
0001001101011110: 16 42 377 311
0001001101011110: 17 253 429 201
0001001101011110: 17 191 261 86
0001001101011110: 17 154 312 160
0001001101011110: 17 28 350 91
0001001101011110: 18 255 247 235
0001001101011110: 20 237 252 210
0001001101011110: 20 174 443 74
0001001101011110: 20 157 182 123
0001001101011110: 21 445 53 254
0001001101011110: 21 445 35 254
0001001101011110: 21 445 359 254
0001001101011110: 21 445 331 254
0001001101011110: 21 445 305 254
0001001101011110: 21 445 254 330
0001001101011110: 21 445 254 249
0001001101011110: 21 445 254 212
0001001101011110: 21 445 254 200
0001001101011110: 21 445 254 194
0001001101011110: 21 445 254 106
0001001101011110: 21 445 254 170
0001001101011110: 21 445 254 62
0001001101011110: 21 254 330 212
0001001101011110: 21 62 260 164
0001001101011110: 23 190 251 228
0001001101011110: 24 40 72 29
0001001101011110: 25 316 446 148
0001001101011110: 26 432 286 330
0001001101011110: 26 432 215 330
0001001101011110: 26 432 159 330
0001001101011110: 26 432 421 330
0001001101011110: 26 432 421 321
0001001101011110: 26 432 330 359
0001001101011110: 26 432 330 353
0001001101011110: 26 432 330 329
0001001101011110: 26 432 330 254
0001001101011110: 26 432 330 243
0001001101011110: 26 432 330 222
0001001101011110: 26 432 330 220
0001001101011110: 26 432 330 212
0001001101011110: 26 432 330 72
0001001101011110: 26 432 330 44
0001001101011110: 26 432 330 321
0001001101011110: 26 432 330 262
0001001101011110: 26 432 330 179
0001001101011110: 26 432 330 173
0001001101011110: 26 432 330 164
0001001101011110: 26 432 330 118
0001001101011110: 26 432 330 64
0001001101011110: 26 421 370 321
0001001101011110: 26 421 364 321
0001001101011110: 26 421 357 321
0001001101011110: 26 421 349 321
0001001101011110: 26 421 272 321
0001001101011110: 26 421 243 321
0001001101011110: 26 421 238 321
0001001101011110: 26 421 139 321
0001001101011110: 26 421 71 321
0001001101011110: 26 421 330 321
0001001101011110: 26 421 321 400
0001001101011110: 26 421 321 383
0001001101011110: 26 421 321 343
0001001101011110: 26 421 321 267
0001001101011110: 26 421 321 244
0001001101011110: 26 421 321 229
0001001101011110: 26 421 321 178
0001001101011110: 26 421 321 159
0001001101011110: 26 421 321 129
0001001101011110: 26 421 321 122
0001001101011110: 26 421 321 73
0001001101011110: 26 421 321 262
0001001101011110: 26 421 321 179
0001001101011110: 26 421 321 173
0001001101011110: 26 421 321 164
0001001101011110: 26 421 321 118
0001001101011110: 26 421 321 64
0001001101011110: 26 330 254 212
0001001101011110: 26 321 267 244
0001001101011110: 26 321 229 73
0001001101011110: 26 321 159 129
0001001101011110: 26 321 159 73
0001001101011110: 26 173 251 55
0001001101011110: 26 164 260 117
0001001101011110: 26 164 260 62
0001001101011110: 28 350 260 91
0001001101011110: 28 350 247 91
0001001101011110: 28 350 298 91
0001001101011110: 28 350 296 91
0001001101011110: 28 350 200 91
0001001101011110: 28 350 132 91
0001001101011110: 28 350 91 216
0001001101011110: 28 350 91 148
0001001101011110: 28 350 91 88
0001001101011110: 28 350 91 75
0001001101011110: 28 350 91 73
0001001101011110: 28 350 91 50
0001001101011110: 28 296 443 165
0001001101011110: 28 91 159 73
0001001101011110: 29 363 72 40
0001001101011110: 29 347 60 47
0001001101011110: 29 347 72 40
0001001101011110: 29 335 72 40
0001001101011110: 29 233 72 40
0001001101011110: 29 204 72 40
0001001101011110: 29 155 201 162
0001001101011110: 29 155 72 40
0001001101011110: 29 72 330 40
0001001101011110: 29 72 314 40
0001001101011110: 29 72 176 40
0001001101011110: 29 72 150 40
0001001101011110: 29 72 113 40
0001001101011110: 29 72 52 40
0001001101011110: 29 72 61 40
0001001101011110: 29 72 40 435
0001001101011110: 29 72 40 376
0001001101011110: 29 72 40 287
0001001101011110: 29 72 40 224
0001001101011110: 29 72 40 223
0001001101011110: 29 72 40 56
0001001101011110: 29 72 40 53
0001001101011110: 30 389 382 346
0001001101011110: 30 389 382 258
0001001101011110: 30 389 366 82
0001001101011110: 30 389 290 82
0001001101011110: 30 389 159 45
0001001101011110: 30 362 159 45
0001001101011110: 30 357 159 45
0001001101011110: 30 325 159 45
0001001101011110: 30 256 293 260
0001001101011110: 30 256 159 45
0001001101011110: 30 159 450 45
0001001101011110: 30 159 444 45
0001001101011110: 30 159 432 45
0001001101011110: 30 159 416 45
0001001101011110: 30 159 356 45
0001001101011110: 30 159 350 91
0001001101011110: 30 159 350 45
0001001101011110: 30 159 321 129
0001001101011110: 30 159 321 73
0001001101011110: 30 159 321 45
0001001101011110: 30 159 169 45
0001001101011110: 30 159 167 45
0001001101011110: 30 159 136 45
0001001101011110: 30 159 129 45
0001001101011110: 30 159 118 45
0001001101011110: 30 159 91 73
0001001101011110: 30 159 91 45
0001001101011110: 30 159 81 45
0001001101011110: 30 159 73 45
0001001101011110: 30 159 54 45
0001001101011110: 30 159 45 428
0001001101011110: 30 159 45 304
0001001101011110: 30 159 45 227
0001001101011110: 30 159 45 156
0001001101011110: 30 159 45 85
0001001101011110: 31 462 187 102
0001001101011110: 31 347 60 47
0001001101011110: 31 347 187 102
0001001101011110: 31 279 187 102
0001001101011110: 31 187 398 102
0001001101011110: 31 187 385 102
0001001101011110: 31 187 336 102
0001001101011110: 31 187 323 102
0001001101011110: 31 187 318 102
0001001101011110: 31 187 299 102
0001001101011110: 31 187 289 102
0001001101011110: 31 187 262 102
0001001101011110: 31 187 258 102
0001001101011110: 31 187 225 102
0001001101011110: 31 187 176 102
0001001101011110: 31 187 114 102
0001001101011110: 31 187 184 102
0001001101011110: 31 187 126 102
0001001101011110: 31 187 102 454
0001001101011110: 31 187 102 434
0001001101011110: 31 187 102 298
0001001101011110: 31 187 102 290
0001001101011110: 31 187 102 246
0001001101011110: 31 187 102 221
0001001101011110: 31 187 102 188
0001001101011110: 31 187 102 34
0001001101011110: 31 187 102 62
0001001101011110: 31 62 260 164
0001001101011110: 35 48 339 117
0001001101011110: 36 394 447 41
0001001101011110: 36 394 191 41
0001001101011110: 36 394 188 41
0001001101011110: 36 394 106 41
0001001101011110: 36 394 332 41
0001001101011110: 36 394 301 41
0001001101011110: 36 394 267 41
0001001101011110: 36 394 143 41
0001001101011110: 36 394 90 41
0001001101011110: 36 394 52 41
0001001101011110: 36 394 48 41
0001001101011110: 36 394 41 460
0001001101011110: 36 394 41 349
0001001101011110: 36 394 41 275
0001001101011110: 36 394 41 175
0001001101011110: 36 394 41 117
0001001101011110: 36 394 41 110
0001001101011110: 36 394 41 63
0001001101011110: 36 267 321 244
0001001101011110: 36 48 339 117
0001001101011110: 37 173 251 55
0001001101011110: 38 154 312 160
0001001101011110: 40 287 178 116
0001001101011110: 40 223 354 161
0001001101011110: 41 117 339 48
0001001101011110: 41 117 260 164
0001001101011110: 42 377 427 311
0001001101011110: 42 377 195 311
0001001101011110: 42 377 185 311
0001001101011110: 42 377 172 311
0001001101011110: 42 377 312 311
0001001101011110: 42 377 311 352
0001001101011110: 42 377 311 347
0001001101011110: 42 377 311 274
0001001101011110: 42 377 311 247
0001001101011110: 42 377 311 98
0001001101011110: 42 377 311 85
0001001101011110: 42 377 311 305
0001001101011110: 42 377 311 284
0001001101011110: 42 377 311 252
0001001101011110: 42 377 311 189
0001001101011110: 42 312 160 154
0001001101011110: 42 252 237 210
0001001101011110: 44 330 254 212
0001001101011110: 44 330 201 115
0001001101011110: 44 322 406 125
0001001101011110: 44 322 201 115
0001001101011110: 44 209 201 115
0001001101011110: 44 201 429 253
0001001101011110: 44 201 429 115
0001001101011110: 44 201 387 115
0001001101011110: 44 201 375 115
0001001101011110: 44 201 352 115
0001001101011110: 44 201 351 115
0001001101011110: 44 201 284 115
0001001101011110: 44 201 253 115
0001001101011110: 44 201 228 115
0001001101011110: 44 201 162 155
0001001101011110: 44 201 162 115
0001001101011110: 44 201 155 115
0001001101011110: 44 201 150 115
0001001101011110: 44 201 120 115
0001001101011110: 44 201 49 115
0001001101011110: 44 201 115 442
0001001101011110: 44 201 115 404
0001001101011110: 44 201 115 381
0001001101011110: 44 201 115 306
0001001101011110: 44 201 115 263
0001001101011110: 44 115 442 404
0001001101011110: 45 159 350 91
0001001101011110: 45 159 321 129
0001001101011110: 45 159 321 73
0001001101011110: 45 159 91 73
0001001101011110: 46 270 379 368
0001001101011110: 47 393 391 211
0001001101011110: 47 393 347 60
0001001101011110: 47 360 347 60
0001001101011110: 47 347 355 60
0001001101011110: 47 347 316 60
0001001101011110: 47 347 311 60
0001001101011110: 47 347 257 60
0001001101011110: 47 347 221 60
0001001101011110: 47 347 139 60
0001001101011110: 47 347 130 60
0001001101011110: 47 347 341 60
0001001101011110: 47 347 287 60
0001001101011110: 47 347 88 60
0001001101011110: 47 347 83 60
0001001101011110: 47 347 60 413
0001001101011110: 47 347 60 376
0001001101011110: 47 347 60 358
0001001101011110: 47 347 60 340
0001001101011110: 47 347 60 282
0001001101011110: 47 347 60 179
0001001101011110: 47 347 60 176
0001001101011110: 47 347 60 175
0001001101011110: 47 347 60 66
0001001101011110: 47 347 60 59
0001001101011110: 47 287 178 116
0001001101011110: 48 400 339 117
0001001101011110: 48 339 455 117
0001001101011110: 48 339 448 117
0001001101011110: 48 339 424 117
0001001101011110: 48 339 333 117
0001001101011110: 48 339 292 117
0001001101011110: 48 339 223 117
0001001101011110: 48 339 196 117
0001001101011110: 48 339 179 117
0001001101011110: 48 339 123 117
0001001101011110: 48 339 122 117
0001001101011110: 48 339 256 117
0001001101011110: 48 339 251 117
0001001101011110: 48 339 176 117
0001001101011110: 48 339 119 117
0001001101011110: 48 339 117 459
0001001101011110: 48 339 117 402
0001001101011110: 48 339 117 303
0001001101011110: 48 339 117 297
0001001101011110: 48 339 117 270
0001001101011110: 48 339 117 260
0001001101011110: 48 339 117 258
0001001101011110: 48 339 117 215
0001001101011110: 48 339 117 164
0001001101011110: 48 339 117 132
0001001101011110: 48 256 293 260
0001001101011110: 48 251 228 190
0001001101011110: 48 251 173 55
0001001101011110: 48 251 148 55
0001001101011110: 48 251 84 76
0001001101011110: 48 251 76 59
0001001101011110: 48 117 260 164
0001001101011110: 49 201 429 253
0001001101011110: 49 201 162 155
0001001101011110: 49 154 312 160
0001001101011110: 49 55 251 173
0001001101011110: 49 55 251 148
0001001101011110: 50 211 393 391
0001001101011110: 50 82 389 366
0001001101011110: 50 82 389 290
0001001101011110: 50 82 375 290
0001001101011110: 50 82 375 280
0001001101011110: 50 73 321 229
0001001101011110: 50 73 321 159
0001001101011110: 50 73 159 91
0001001101011110: 50 51 344 57
0001001101011110: 51 344 391 57
0001001101011110: 51 344 204 57
0001001101011110: 51 344 178 57
0001001101011110: 51 344 140 57
0001001101011110: 51 344 128 57
0001001101011110: 51 344 307 57
0001001101011110: 51 344 295 57
0001001101011110: 51 344 231 57
0001001101011110: 51 344 129 57
0001001101011110: 51 344 57 366
0001001101011110: 51 344 57 287
0001001101011110: 51 344 57 236
0001001101011110: 51 344 57 106
0001001101011110: 51 129 321 159
0001001101011110: 52 303 278 249
0001001101011110: 52 174 443 74
0001001101011110: 53 244 321 267
0001001101011110: 54 159 350 91
0001001101011110: 54 159 321 129
0001001101011110: 54 159 321 73
0001001101011110: 54 159 91 73
0001001101011110: 55 460 251 173
0001001101011110: 55 460 251 148
0001001101011110: 55 388 251 173
0001001101011110: 55 388 251 148
0001001101011110: 55 357 251 173
0001001101011110: 55 357 251 148
0001001101011110: 55 337 251 173
0001001101011110: 55 337 251 148
0001001101011110: 55 299 251 173
0001001101011110: 55 299 251 148
0001001101011110: 55 251 448 173
0001001101011110: 55 251 448 148
0001001101011110: 55 251 419 173
0001001101011110: 55 251 419 148
0001001101011110: 55 251 395 173
0001001101011110: 55 251 395 148
0001001101011110: 55 251 241 173
0001001101011110: 55 251 241 148
0001001101011110: 55 251 228 190
0001001101011110: 55 251 228 173
0001001101011110: 55 251 228 148
0001001101011110: 55 251 190 173
0001001101011110: 55 251 190 148
0001001101011110: 55 251 175 173
0001001101011110: 55 251 175 148
0001001101011110: 55 251 166 173
0001001101011110: 55 251 166 148
0001001101011110: 55 251 163 173
0001001101011110: 55 251 163 148
0001001101011110: 55 251 84 76
0001001101011110: 55 251 84 173
0001001101011110: 55 251 84 148
0001001101011110: 55 251 76 59
0001001101011110: 55 251 76 173
0001001101011110: 55 251 76 148
0001001101011110: 55 251 59 173
0001001101011110: 55 251 59 148
0001001101011110: 55 251 180 173
0001001101011110: 55 251 180 148
0001001101011110: 55 251 173 287
0001001101011110: 55 251 173 152
0001001101011110: 55 251 173 93
0001001101011110: 55 251 173 65
0001001101011110: 55 251 148 456
0001001101011110: 55 251 148 451
0001001101011110: 55 251 148 446
0001001101011110: 55 251 148 342
0001001101011110: 55 251 148 341
0001001101011110: 55 251 148 318
0001001101011110: 55 251 148 316
0001001101011110: 55 251 148 239
0001001101011110: 55 251 148 194
0001001101011110: 55 251 148 189
0001001101011110: 55 251 148 91
0001001101011110: 55 251 148 93
0001001101011110: 55 251 148 65
0001001101011110: 55 148 446 316
0001001101011110: 55 65 343 263
0001001101011110: 56 212 330 254
0001001101011110: 57 366 389 82
0001001101011110: 57 287 178 116
0001001101011110: 57 106 183 111
0001001101011110: 58 174 443 74
0001001101011110: 58 164 260 117
0001001101011110: 58 164 260 62
0001001101011110: 58 82 389 366
0001001101011110: 58 82 389 290
0001001101011110: 58 82 375 290
0001001101011110: 58 82 375 280
0001001101011110: 59 424 251 76
0001001101011110: 59 390 251 76
0001001101011110: 59 251 448 76
0001001101011110: 59 251 419 76
0001001101011110: 59 251 395 76
0001001101011110: 59 251 241 76
0001001101011110: 59 251 228 190
0001001101011110: 59 251 228 76
0001001101011110: 59 251 190 76
0001001101011110: 59 251 175 76
0001001101011110: 59 251 173 76
0001001101011110: 59 251 166 76
0001001101011110: 59 251 163 76
0001001101011110: 59 251 148 76
0001001101011110: 59 251 227 76
0001001101011110: 59 251 199 76
0001001101011110: 59 251 108 76
0001001101011110: 59 251 76 443
0001001101011110: 59 251 76 328
0001001101011110: 59 251 76 305
0001001101011110: 59 251 76 238
0001001101011110: 59 251 76 231
0001001101011110: 59 251 76 144
0001001101011110: 59 251 76 110
0001001101011110: 59 251 76 101
0001001101011110: 59 251 76 65
0001001101011110: 59 251 76 60
0001001101011110: 59 76 443 238
0001001101011110: 60 413 439 281
0001001101011110: 61 162 374 206
0001001101011110: 61 162 201 155
0001001101011110: 62 333 260 164
0001001101011110: 62 260 355 164
0001001101011110: 62 260 350 164
0001001101011110: 62 260 338 164
0001001101011110: 62 260 293 256
0001001101011110: 62 260 293 164
0001001101011110: 62 260 271 164
0001001101011110: 62 260 256 164
0001001101011110: 62 260 141 164
0001001101011110: 62 260 120 164
0001001101011110: 62 260 108 164
0001001101011110: 62 260 248 164
0001001101011110: 62 260 167 164
0001001101011110: 62 260 164 302
0001001101011110: 62 260 164 113
0001001101011110: 62 260 164 103
0001001101011110: 62 260 164 77
0001001101011110: 62 260 164 130
0001001101011110: 62 260 164 99
0001001101011110: 64 382 389 346
0001001101011110: 64 382 389 258
0001001101011110: 64 190 251 228
0001001101011110: 65 446 316 148
0001001101011110: 65 446 343 263
0001001101011110: 65 376 343 263
0001001101011110: 65 343 461 263
0001001101011110: 65 343 378 263
0001001101011110: 65 343 321 263
0001001101011110: 65 343 319 263
0001001101011110: 65 343 274 263
0001001101011110: 65 343 245 263
0001001101011110: 65 343 238 263
0001001101011110: 65 343 230 263
0001001101011110: 65 343 212 263
0001001101011110: 65 343 197 263
0001001101011110: 65 343 181 263
0001001101011110: 65 343 163 263
0001001101011110: 65 343 106 263
0001001101011110: 65 343 325 263
0001001101011110: 65 343 263 428
0001001101011110: 65 343 263 302
0001001101011110: 65 343 263 155
0001001101011110: 65 343 263 115
0001001101011110: 65 343 263 229
0001001101011110: 65 343 263 76
0001001101011110: 65 229 321 73
0001001101011110: 65 76 443 238
0001001101011110: 65 76 251 84
0001001101011110: 66 267 321 244
0001001101011110: 67 413 439 281
0001001101011110: 69 206 374 162
0001001101011110: 71 211 393 391
0001001101011110: 72 330 254 212
0001001101011110: 73 427 321 229
0001001101011110: 73 427 321 159
0001001101011110: 73 427 159 91
0001001101011110: 73 395 321 229
0001001101011110: 73 395 321 159
0001001101011110: 73 395 159 91
0001001101011110: 73 361 321 229
0001001101011110: 73 361 321 159
0001001101011110: 73 361 159 91
0001001101011110: 73 349 321 229
0001001101011110: 73 349 321 159
0001001101011110: 73 349 159 91
0001001101011110: 73 321 421 229
0001001101011110: 73 321 421 159
0001001101011110: 73 321 400 229
0001001101011110: 73 321 400 159
0001001101011110: 73 321 383 229
0001001101011110: 73 321 383 159
0001001101011110: 73 321 343 229
0001001101011110: 73 321 343 159
0001001101011110: 73 321 267 244
0001001101011110: 73 321 267 229
0001001101011110: 73 321 267 159
0001001101011110: 73 321 244 229
0001001101011110: 73 321 244 159
0001001101011110: 73 321 178 229
0001001101011110: 73 321 178 159
0001001101011110: 73 321 129 229
0001001101011110: 73 321 122 229
0001001101011110: 73 321 122 159
0001001101011110: 73 321 314 229
0001001101011110: 73 321 314 159
0001001101011110: 73 321 297 229
0001001101011110: 73 321 297 159
0001001101011110: 73 321 243 229
0001001101011110: 73 321 243 159
0001001101011110: 73 321 229 265
0001001101011110: 73 321 229 156
0001001101011110: 73 321 229 139
0001001101011110: 73 321 229 98
0001001101011110: 73 321 229 91
0001001101011110: 73 321 229 85
0001001101011110: 73 321 159 450
0001001101011110: 73 321 159 444
0001001101011110: 73 321 159 432
0001001101011110: 73 321 159 416
0001001101011110: 73 321 159 356
0001001101011110: 73 321 159 350
0001001101011110: 73 321 159 169
0001001101011110: 73 321 159 167
0001001101011110: 73 321 159 136
0001001101011110: 73 321 159 118
0001001101011110: 73 321 159 81
0001001101011110: 73 321 159 85
0001001101011110: 73 314 159 91
0001001101011110: 73 297 159 91
0001001101011110: 73 243 159 91
0001001101011110: 73 229 159 91
0001001101011110: 73 159 450 91
0001001101011110: 73 159 444 91
0001001101011110: 73 159 432 91
0001001101011110: 73 159 416 91
0001001101011110: 73 159 356 91
0001001101011110: 73 159 169 91
0001001101011110: 73 159 167 91
0001001101011110: 73 159 136 91
0001001101011110: 73 159 129 91
0001001101011110: 73 159 118 91
0001001101011110: 73 159 81 91
0001001101011110: 73 159 91 216
0001001101011110: 73 159 91 148
0001001101011110: 73 159 91 88
0001001101011110: 73 159 91 75
0001001101011110: 73 159 91 85
0001001101011110: 74 454 443 174
0001001101011110: 74 443 374 174
0001001101011110: 74 443 354 174
0001001101011110: 74 443 296 165
0001001101011110: 74 443 296 174
0001001101011110: 74 443 284 174
0001001101011110: 74 443 238 76
0001001101011110: 74 443 238 174
0001001101011110: 74 443 207 174
0001001101011110: 74 443 165 174
0001001101011110: 74 443 111 174
0001001101011110: 74 443 107 174
0001001101011110: 74 443 97 174
0001001101011110: 74 443 76 174
0001001101011110: 74 443 402 174
0001001101011110: 74 443 313 174
0001001101011110: 74 443 276 174
0001001101011110: 74 443 253 174
0001001101011110: 74 443 174 188
0001001101011110: 74 443 174 143
0001001101011110: 74 443 174 106
0001001101011110: 74 443 174 145
0001001101011110: 74 443 174 118
0001001101011110: 74 253 429 201
0001001101011110: 75 446 316 148
0001001101011110: 75 393 391 211
0001001101011110: 75 238 443 76
0001001101011110: 75 91 350 159
0001001101011110: 76 443 374 238
0001001101011110: 76 443 354 238
0001001101011110: 76 443 296 165
0001001101011110: 76 443 296 238
0001001101011110: 76 443 284 238
0001001101011110: 76 443 207 238
0001001101011110: 76 443 174 238
0001001101011110: 76 443 165 238
0001001101011110: 76 443 111 238
0001001101011110: 76 443 107 238
0001001101011110: 76 443 97 238
0001001101011110: 76 443 328 238
0001001101011110: 76 443 305 238
0001001101011110: 76 443 251 238
0001001101011110: 76 443 251 84
0001001101011110: 76 443 238 421
0001001101011110: 76 443 238 343
0001001101011110: 76 443 238 326
0001001101011110: 76 443 238 307
0001001101011110: 76 443 238 236
0001001101011110: 76 443 238 218
0001001101011110: 76 443 238 172
0001001101011110: 76 443 238 231
0001001101011110: 76 443 238 144
0001001101011110: 76 443 238 110
0001001101011110: 76 443 238 101
0001001101011110: 76 443 238 84
0001001101011110: 76 328 251 84
0001001101011110: 76 305 251 84
0001001101011110: 76 251 448 84
0001001101011110: 76 251 419 84
0001001101011110: 76 251 395 84
0001001101011110: 76 251 241 84
0001001101011110: 76 251 228 190
0001001101011110: 76 251 228 84
0001001101011110: 76 251 190 84
0001001101011110: 76 251 175 84
0001001101011110: 76 251 173 84
0001001101011110: 76 251 166 84
0001001101011110: 76 251 163 84
0001001101011110: 76 251 148 84
0001001101011110: 76 251 238 84
0001001101011110: 76 251 231 84
0001001101011110: 76 251 144 84
0001001101011110: 76 251 110 84
0001001101011110: 76 251 101 84
0001001101011110: 76 251 84 387
0001001101011110: 76 251 84 349
0001001101011110: 76 251 84 296
0001001101011110: 76 251 84 145
0001001101011110: 76 251 84 79
0001001101011110: 77 257 264 183
0001001101011110: 77 164 260 117
0001001101011110: 78 346 389 382
0001001101011110: 78 281 439 413
0001001101011110: 79 116 287 178
0001001101011110: 80 183 264 257
0001001101011110: 80 183 111 106
0001001101011110: 81 439 413 281
0001001101011110: 81 387 353 146
0001001101011110: 81 159 350 91
0001001101011110: 81 159 321 129
0001001101011110: 82 440 389 366
0001001101011110: 82 440 389 290
0001001101011110: 82 440 375 290
0001001101011110: 82 440 375 280
0001001101011110: 82 417 389 366
0001001101011110: 82 417 389 290
0001001101011110: 82 417 375 290
0001001101011110: 82 417 375 280
0001001101011110: 82 389 425 366
0001001101011110: 82 389 425 290
0001001101011110: 82 389 384 366
0001001101011110: 82 389 384 290
0001001101011110: 82 389 382 346
0001001101011110: 82 389 382 258
0001001101011110: 82 389 382 366
0001001101011110: 82 389 382 290
0001001101011110: 82 389 346 366
0001001101011110: 82 389 346 290
0001001101011110: 82 389 341 366
0001001101011110: 82 389 341 290
0001001101011110: 82 389 336 366
0001001101011110: 82 389 336 290
0001001101011110: 82 389 258 366
0001001101011110: 82 389 258 290
0001001101011110: 82 389 222 366
0001001101011110: 82 389 222 290
0001001101011110: 82 389 162 366
0001001101011110: 82 389 162 290
0001001101011110: 82 389 90 366
0001001101011110: 82 389 90 290
0001001101011110: 82 389 385 366
0001001101011110: 82 389 385 290
0001001101011110: 82 389 375 366
0001001101011110: 82 389 375 280
0001001101011110: 82 389 366 431
0001001101011110: 82 389 366 367
0001001101011110: 82 389 366 189
0001001101011110: 82 389 366 307
0001001101011110: 82 389 366 280
0001001101011110: 82 389 366 270
0001001101011110: 82 389 307 290
0001001101011110: 82 389 290 407
0001001101011110: 82 389 290 388
0001001101011110: 82 389 290 376
0001001101011110: 82 389 290 371
0001001101011110: 82 389 290 318
0001001101011110: 82 389 290 256
0001001101011110: 82 389 290 200
0001001101011110: 82 389 290 199
0001001101011110: 82 389 290 102
0001001101011110: 82 389 290 280
0001001101011110: 82 389 290 270
0001001101011110: 82 385 375 290
0001001101011110: 82 385 375 280
0001001101011110: 82 375 457 290
0001001101011110: 82 375 457 280
0001001101011110: 82 375 248 290
0001001101011110: 82 375 248 280
0001001101011110: 82 375 201 290
0001001101011110: 82 375 201 280
0001001101011110: 82 375 175 290
0001001101011110: 82 375 175 280
0001001101011110: 82 375 142 290
0001001101011110: 82 375 142 280
0001001101011110: 82 375 133 290
0001001101011110: 82 375 133 280
0001001101011110: 82 375 366 290
0001001101011110: 82 375 366 280
0001001101011110: 82 375 307 290
0001001101011110: 82 375 307 280
0001001101011110: 82 375 290 407
0001001101011110: 82 375 290 388
0001001101011110: 82 375 290 376
0001001101011110: 82 375 290 371
0001001101011110: 82 375 290 318
0001001101011110: 82 375 290 256
0001001101011110: 82 375 290 200
0001001101011110: 82 375 290 199
0001001101011110: 82 375 290 102
0001001101011110: 82 375 290 270
0001001101011110: 82 375 280 410
0001001101011110: 82 375 280 236
0001001101011110: 82 375 280 198
0001001101011110: 82 375 280 195
0001001101011110: 82 375 280 180
0001001101011110: 82 375 280 126
0001001101011110: 82 375 280 122
0001001101011110: 82 375 280 270
0001001101011110: 82 270 379 368
0001001101011110: 84 387 353 146
0001001101011110: 84 296 443 165
0001001101011110: 84 251 228 190
0001001101011110: 85 249 303 278
0001001101011110: 85 160 312 154
0001001101011110: 86 441 261 191
0001001101011110: 86 428 261 191
0001001101011110: 86 261 296 191
0001001101011110: 86 261 138 191
0001001101011110: 86 261 207 191
0001001101011110: 86 261 191 403
0001001101011110: 86 261 191 394
0001001101011110: 86 261 191 357
0001001101011110: 86 261 191 312
0001001101011110: 86 261 191 236
0001001101011110: 86 261 191 154
0001001101011110: 86 154 312 160
0001001101011110: 87 391 393 211
0001001101011110: 88 91 350 159
0001001101011110: 89 446 316 148
0001001101011110: 90 389 382 346
0001001101011110: 90 389 382 258
0001001101011110: 90 249 303 278
0001001101011110: 91 350 260 159
0001001101011110: 91 350 247 159
0001001101011110: 91 350 216 159
0001001101011110: 91 350 159 450
0001001101011110: 91 350 159 444
0001001101011110: 91 350 159 432
0001001101011110: 91 350 159 416
0001001101011110: 91 350 159 356
0001001101011110: 91 350 159 321
0001001101011110: 91 350 159 169
0001001101011110: 91 350 159 167
0001001101011110: 91 350 159 136
0001001101011110: 91 350 159 129
0001001101011110: 91 350 159 118
0001001101011110: 91 350 159 148
0001001101011110: 91 159 321 129
0001001101011110: 91 148 446 316
0001001101011110: 92 289 205 193
0001001101011110: 92 205 405 193
0001001101011110: 92 205 325 193
0001001101011110: 92 205 318 193
0001001101011110: 92 205 157 193
0001001101011110: 92 205 200 193
0001001101011110: 92 205 193 456
0001001101011110: 92 205 193 451
0001001101011110: 92 205 193 337
0001001101011110: 92 205 193 292
0001001101011110: 92 205 193 237
0001001101011110: 92 205 193 211
0001001101011110: 96 446 316 148
0001001101011110: 97 443 296 165
0001001101011110: 98 391 393 211
0001001101011110: 98 244 321 267
0001001101011110: 100 322 406 125
0001001101011110: 100 157 182 123
0001001101011110: 103 165 443 296
0001001101011110: 103 164 260 117
0001001101011110: 106 398 183 111
0001001101011110: 106 394 183 111
0001001101011110: 106 343 183 111
0001001101011110: 106 329 183 111
0001001101011110: 106 306 183 111
0001001101011110: 106 254 330 212
0001001101011110: 106 254 183 111
0001001101011110: 106 183 264 257
0001001101011110: 106 183 264 111
0001001101011110: 106 183 257 111
0001001101011110: 106 183 178 111
0001001101011110: 106 183 174 111
0001001101011110: 106 183 156 111
0001001101011110: 106 183 155 111
0001001101011110: 106 183 129 111
0001001101011110: 106 183 111 443
0001001101011110: 106 183 111 409
0001001101011110: 106 183 111 361
0001001101011110: 106 183 111 278
0001001101011110: 106 183 111 202
0001001101011110: 106 183 111 177
0001001101011110: 106 155 201 162
0001001101011110: 106 129 321 159
0001001101011110: 106 111 278 177
0001001101011110: 107 443 296 165
0001001101011110: 107 346 389 382
0001001101011110: 107 312 160 154
0001001101011110: 108 413 439 281
0001001101011110: 108 406 322 125
0001001101011110: 108 260 293 256
0001001101011110: 108 260 164 117
0001001101011110: 108 237 252 210
0001001101011110: 110 258 389 382
0001001101011110: 111 443 296 165
0001001101011110: 111 443 278 177
0001001101011110: 111 409 278 177
0001001101011110: 111 361 278 177
0001001101011110: 111 278 423 177
0001001101011110: 111 278 354 177
0001001101011110: 111 278 331 177
0001001101011110: 111 278 303 249
0001001101011110: 111 278 303 177
0001001101011110: 111 278 249 177
0001001101011110: 111 278 202 177
0001001101011110: 111 278 183 177
0001001101011110: 111 278 177 386
0001001101011110: 111 278 177 244
0001001101011110: 111 183 264 257
0001001101011110: 113 353 387 146
0001001101011110: 113 255 247 235
0001001101011110: 113 164 260 117
0001001101011110: 115 442 296 404
0001001101011110: 115 442 246 404
0001001101011110: 115 442 227 404
0001001101011110: 115 442 404 400
0001001101011110: 115 442 404 399
0001001101011110: 115 442 404 326
0001001101011110: 115 442 404 316
0001001101011110: 115 442 404 299
0001001101011110: 115 442 404 262
0001001101011110: 115 442 404 196
0001001101011110: 115 442 404 143
0001001101011110: 115 442 404 125
0001001101011110: 115 442 404 381
0001001101011110: 115 442 404 306
0001001101011110: 115 442 404 263
0001001101011110: 115 442 404 201
0001001101011110: 115 201 429 253
0001001101011110: 115 201 162 155
0001001101011110: 116 446 316 148
0001001101011110: 116 446 287 178
0001001101011110: 116 412 287 178
0001001101011110: 116 287 441 178
0001001101011110: 116 287 355 178
0001001101011110: 116 287 277 178
0001001101011110: 116 287 267 178
0001001101011110: 116 287 228 178
0001001101011110: 116 287 176 178
0001001101011110: 116 287 173 178
0001001101011110: 116 287 208 178
0001001101011110: 116 287 178 448
0001001101011110: 116 287 178 430
0001001101011110: 116 287 178 344
0001001101011110: 116 287 178 321
0001001101011110: 116 287 178 250
0001001101011110: 116 287 178 199
0001001101011110: 116 287 178 183
0001001101011110: 116 287 178 167
0001001101011110: 116 287 178 149
0001001101011110: 117 459 260 164
0001001101011110: 117 402 260 164
0001001101011110: 117 339 260 164
0001001101011110: 117 303 278 249
0001001101011110: 117 303 260 164
0001001101011110: 117 297 260 164
0001001101011110: 117 270 379 368
0001001101011110: 117 270 260 164
0001001101011110: 117 260 355 164
0001001101011110: 117 260 350 164
0001001101011110: 117 260 338 164
0001001101011110: 117 260 293 256
0001001101011110: 117 260 293 164
0001001101011110: 117 260 271 164
0001001101011110: 117 260 256 164
0001001101011110: 117 260 141 164
0001001101011110: 117 260 120 164
0001001101011110: 117 260 258 164
0001001101011110: 117 260 215 164
0001001101011110: 117 260 164 302
0001001101011110: 117 260 164 132
0001001101011110: 117 258 389 382
0001001101011110: 118 271 309 228
0001001101011110: 118 159 321 129
0001001101011110: 118 154 312 160
0001001101011110: 119 146 387 353
0001001101011110: 120 260 293 256
0001001101011110: 120 223 354 161
0001001101011110: 120 201 429 253
0001001101011110: 120 201 162 155
0001001101011110: 121 223 354 161
0001001101011110: 121 123 182 157
0001001101011110: 122 321 267 244
0001001101011110: 122 321 159 129
0001001101011110: 123 438 182 157
0001001101011110: 123 339 182 157
0001001101011110: 123 233 182 157
0001001101011110: 123 182 451 157
0001001101011110: 123 182 297 157
0001001101011110: 123 182 142 157
0001001101011110: 123 182 157 454
0001001101011110: 123 182 157 396
0001001101011110: 123 182 157 228
0001001101011110: 123 182 157 205
0001001101011110: 123 182 157 175
0001001101011110: 123 182 157 154
0001001101011110: 125 444 406 322
0001001101011110: 125 406 414 322
0001001101011110: 125 406 142 322
0001001101011110: 125 406 141 322
0001001101011110: 125 406 404 322
0001001101011110: 125 406 338 322
0001001101011110: 125 406 336 322
0001001101011110: 125 406 322 439
0001001101011110: 125 406 322 333
0001001101011110: 125 406 322 312
0001001101011110: 125 406 322 309
0001001101011110: 125 406 322 243
0001001101011110: 125 406 322 190
0001001101011110: 125 190 251 228
0001001101011110: 126 429 253 201
0001001101011110: 126 296 443 165
0001001101011110: 126 228 309 271
0001001101011110: 126 228 251 190
0001001101011110: 127 296 443 165
0001001101011110: 127 257 264 183
0001001101011110: 129 449 321 159
0001001101011110: 129 321 421 159
0001001101011110: 129 321 400 159
0001001101011110: 129 321 383 159
0001001101011110: 129 321 343 159
0001001101011110: 129 321 267 244
0001001101011110: 129 321 267 159
0001001101011110: 129 321 244 159
0001001101011110: 129 321 229 159
0001001101011110: 129 321 178 159
0001001101011110: 129 321 308 159
0001001101011110: 129 321 289 159
0001001101011110: 129 321 221 159
0001001101011110: 129 321 159 450
0001001101011110: 129 321 159 444
0001001101011110: 129 321 159 432
0001001101011110: 129 321 159 416
0001001101011110: 129 321 159 356
0001001101011110: 129 321 159 350
0001001101011110: 129 321 159 169
0001001101011110: 129 321 159 167
0001001101011110: 129 321 159 136
0001001101011110: 130 379 368 270
0001001101011110: 130 223 354 161
0001001101011110: 134 391 393 211
0001001101011110: 136 316 446 148
0001001101011110: 141 260 293 256
0001001101011110: 144 252 237 210
0001001101011110: 145 439 413 281
0001001101011110: 145 316 446 148
0001001101011110: 146 405 387 353
0001001101011110: 146 387 463 353
0001001101011110: 146 387 453 353
0001001101011110: 146 387 435 353
0001001101011110: 146 387 424 353
0001001101011110: 146 387 409 353
0001001101011110: 146 387 220 353
0001001101011110: 146 387 201 353
0001001101011110: 146 387 378 353
0001001101011110: 146 387 353 447
0001001101011110: 146 387 353 427
0001001101011110: 146 387 353 413
0001001101011110: 146 387 353 330
0001001101011110: 146 387 353 294
0001001101011110: 146 387 353 265
0001001101011110: 146 387 353 298
0001001101011110: 146 387 353 230
0001001101011110: 146 387 353 176
0001001101011110: 148 456 446 316
0001001101011110: 148 451 446 316
0001001101011110: 148 446 214 316
0001001101011110: 148 446 188 316
0001001101011110: 148 446 181 316
0001001101011110: 148 446 168 316
0001001101011110: 148 446 342 316
0001001101011110: 148 446 341 316
0001001101011110: 148 446 318 316
0001001101011110: 148 446 316 412
0001001101011110: 148 446 316 404
0001001101011110: 148 446 316 347
0001001101011110: 148 446 316 302
0001001101011110: 148 446 316 150
0001001101011110: 148 446 316 149
0001001101011110: 148 446 316 251
0001001101011110: 148 446 316 239
0001001101011110: 148 446 316 194
0001001101011110: 148 446 316 189
0001001101011110: 148 251 228 190
0001001101011110: 149 161 354 223
0001001101011110: 150 201 429 253
0001001101011110: 150 201 162 155
0001001101011110: 152 293 260 256
0001001101011110: 154 359 312 160
0001001101011110: 154 312 391 160
0001001101011110: 154 312 369 160
0001001101011110: 154 312 322 160
0001001101011110: 154 312 210 160
0001001101011110: 154 312 191 160
0001001101011110: 154 312 295 160
0001001101011110: 154 312 257 160
0001001101011110: 154 312 231 160
0001001101011110: 154 312 160 305
0001001101011110: 154 312 160 245
0001001101011110: 154 312 160 240
0001001101011110: 154 312 160 185
0001001101011110: 154 312 160 157
0001001101011110: 154 257 264 183
0001001101011110: 155 441 201 162
0001001101011110: 155 263 201 162
0001001101011110: 155 201 429 253
0001001101011110: 155 201 429 162
0001001101011110: 155 201 387 162
0001001101011110: 155 201 375 162
0001001101011110: 155 201 352 162
0001001101011110: 155 201 351 162
0001001101011110: 155 201 284 162
0001001101011110: 155 201 253 162
0001001101011110: 155 201 228 162
0001001101011110: 155 201 167 162
0001001101011110: 155 201 162 389
0001001101011110: 155 201 162 388
0001001101011110: 155 201 162 374
0001001101011110: 155 201 162 371
0001001101011110: 155 201 162 230
0001001101011110: 155 201 162 206
0001001101011110: 155 162 374 206
0001001101011110: 156 212 330 254
0001001101011110: 157 228 309 271
0001001101011110: 157 228 251 190
0001001101011110: 158 368 379 270
0001001101011110: 158 235 255 247
0001001101011110: 159 321 267 244
0001001101011110: 161 378 354 223
0001001101011110: 161 355 354 223
0001001101011110: 161 354 463 223
0001001101011110: 161 354 454 223
0001001101011110: 161 354 443 223
0001001101011110: 161 354 376 223
0001001101011110: 161 354 278 223
0001001101011110: 161 354 223 339
0001001101011110: 161 354 223 303
0001001101011110: 161 354 223 221
0001001101011110: 161 354 223 210
0001001101011110: 162 389 382 346
0001001101011110: 162 389 382 258
0001001101011110: 162 389 374 206
0001001101011110: 162 388 374 206
0001001101011110: 162 374 443 206
0001001101011110: 162 374 409 206
0001001101011110: 162 374 370 206
0001001101011110: 162 374 300 206
0001001101011110: 162 374 210 206
0001001101011110: 162 374 170 206
0001001101011110: 162 374 371 206
0001001101011110: 162 374 230 206
0001001101011110: 162 374 206 308
0001001101011110: 162 374 206 219
0001001101011110: 162 374 206 201
0001001101011110: 162 201 429 253
0001001101011110: 163 393 391 211
0001001101011110: 163 251 228 190
0001001101011110: 164 260 293 256
0001001101011110: 165 443 374 296
0001001101011110: 165 443 354 296
0001001101011110: 165 443 284 296
0001001101011110: 165 443 238 296
0001001101011110: 165 443 207 296
0001001101011110: 165 443 174 296
0001001101011110: 165 443 380 296
0001001101011110: 165 443 299 296
0001001101011110: 165 443 296 442
0001001101011110: 165 443 296 283
0001001101011110: 165 443 296 261
0001001101011110: 165 443 296 199
0001001101011110: 166 251 228 190
0001001101011110: 167 237 252 210
0001001101011110: 171 393 391 211
0001001101011110: 172 439 413 281
0001001101011110: 173 251 228 190
0001001101011110: 175 251 228 190
0001001101011110: 177 278 303 249
0001001101011110: 177 244 321 267
0001001101011110: 178 321 267 244
0001001101011110: 178 183 264 257
0001001101011110: 179 346 389 382
0001001101011110: 180 228 309 271
0001001101011110: 180 228 251 190
0001001101011110: 181 368 379 270
0001001101011110: 183 264 463 257
0001001101011110: 183 264 425 257
0001001101011110: 183 264 420 257
0001001101011110: 183 264 325 257
0001001101011110: 183 264 203 257
0001001101011110: 183 264 257 409
0001001101011110: 183 264 257 402
0001001101011110: 183 264 257 347
0001001101011110: 183 264 257 279
0001001101011110: 183 264 257 255
0001001101011110: 184 247 255 235
0001001101011110: 187 258 389 382
0001001101011110: 188 429 253 201
0001001101011110: 188 303 278 249
0001001101011110: 189 413 439 281
0001001101011110: 189 247 255 235
0001001101011110: 190 251 448 228
0001001101011110: 190 251 419 228
0001001101011110: 190 251 395 228
0001001101011110: 190 251 241 228
0001001101011110: 190 251 228 309
0001001101011110: 190 251 228 298
0001001101011110: 190 251 228 291
0001001101011110: 190 251 228 287
0001001101011110: 190 251 228 271
0001001101011110: 190 251 228 201
0001001101011110: 190 228 309 271
0001001101011110: 193 237 252 210
0001001101011110: 193 211 393 391
0001001101011110: 194 254 330 212
0001001101011110: 195 281 439 413
0001001101011110: 195 253 429 201
0001001101011110: 199 211 393 391
0001001101011110: 200 439 413 281
0001001101011110: 200 254 330 212
0001001101011110: 201 429 456 253
0001001101011110: 201 429 388 253
0001001101011110: 201 429 295 253
0001001101011110: 201 429 279 253
0001001101011110: 201 429 387 253
0001001101011110: 201 429 375 253
0001001101011110: 201 429 352 253
0001001101011110: 201 429 351 253
0001001101011110: 201 429 284 253
0001001101011110: 201 429 253 458
0001001101011110: 201 429 253 452
0001001101011110: 201 429 253 228
0001001101011110: 201 228 309 271
0001001101011110: 202 393 391 211
0001001101011110: 202 379 368 270
0001001101011110: 208 309 271 228
0001001101011110: 208 237 252 210
0001001101011110: 210 447 252 237
0001001101011110: 210 374 252 237
0001001101011110: 210 312 252 237
0001001101011110: 210 308 252 237
0001001101011110: 210 252 430 237
0001001101011110: 210 252 292 237
0001001101011110: 210 252 220 237
0001001101011110: 210 252 211 237
0001001101011110: 210 252 237 459
0001001101011110: 210 252 237 385
0001001101011110: 210 252 237 346
0001001101011110: 210 252 237 272
0001001101011110: 210 252 237 223
0001001101011110: 211 458 393 391
0001001101011110: 211 393 434 391
0001001101011110: 211 393 352 391
0001001101011110: 211 393 346 391
0001001101011110: 211 393 391 444
0001001101011110: 211 393 391 344
0001001101011110: 211 393 391 312
0001001101011110: 211 393 391 295
0001001101011110: 211 393 391 294
0001001101011110: 211 393 391 341
0001001101011110: 211 393 391 331
0001001101011110: 211 393 391 252
0001001101011110: 211 393 391 214
0001001101011110: 212 438 330 254
0001001101011110: 212 437 330 254
0001001101011110: 212 343 330 254
0001001101011110: 212 330 432 254
0001001101011110: 212 330 359 254
0001001101011110: 212 330 353 254
0001001101011110: 212 330 329 254
0001001101011110: 212 330 243 254
0001001101011110: 212 330 222 254
0001001101011110: 212 330 220 254
0001001101011110: 212 330 254 445
0001001101011110: 212 330 254 249
0001001101011110: 218 368 379 270
0001001101011110: 221 439 413 281
0001001101011110: 222 389 382 346
0001001101011110: 222 389 382 258
0001001101011110: 223 303 278 249
0001001101011110: 227 281 439 413
0001001101011110: 228 309 322 271
0001001101011110: 228 309 268 271
0001001101011110: 228 309 298 271
0001001101011110: 228 309 291 271
0001001101011110: 228 309 287 271
0001001101011110: 228 309 271 295
0001001101011110: 228 309 271 260
0001001101011110: 228 309 271 248
0001001101011110: 228 309 271 234
0001001101011110: 228 309 271 251
0001001101011110: 229 321 267 244
0001001101011110: 231 439 413 281
0001001101011110: 232 270 379 368
0001001101011110: 235 395 255 247
0001001101011110: 235 345 255 247
0001001101011110: 235 275 255 247
0001001101011110: 235 255 257 247
0001001101011110: 235 255 247 386
0001001101011110: 235 255 247 350
0001001101011110: 235 255 247 326
0001001101011110: 235 255 247 311
0001001101011110: 237 346 389 382
0001001101011110: 239 346 389 382
0001001101011110: 244 441 321 267
0001001101011110: 244 427 321 267
0001001101011110: 244 424 321 267
0001001101011110: 244 321 421 267
0001001101011110: 244 321 400 267
0001001101011110: 244 321 383 267
0001001101011110: 244 321 343 267
0001001101011110: 244 321 267 428
0001001101011110: 244 321 267 315
0001001101011110: 244 321 267 287
0001001101011110: 249 438 303 278
0001001101011110: 249 380 303 278
0001001101011110: 249 303 453 278
0001001101011110: 249 303 427 278
0001001101011110: 249 303 336 278
0001001101011110: 249 303 278 423
0001001101011110: 249 303 278 354
0001001101011110: 249 303 278 331
0001001101011110: 249 303 278 254
0001001101011110: 256 323 293 260
0001001101011110: 256 293 326 260
0001001101011110: 256 293 290 260
0001001101011110: 256 293 260 355
0001001101011110: 256 293 260 350
0001001101011110: 256 293 260 338
0001001101011110: 256 293 260 271
0001001101011110: 258 441 389 382
0001001101011110: 258 389 425 382
0001001101011110: 258 389 384 382
0001001101011110: 258 389 366 382
0001001101011110: 258 389 341 382
0001001101011110: 258 389 336 382
0001001101011110: 258 389 290 382
0001001101011110: 258 389 382 464
0001001101011110: 258 389 382 457
0001001101011110: 258 389 382 449
0001001101011110: 258 389 382 444
0001001101011110: 258 389 382 396
0001001101011110: 258 389 382 328
0001001101011110: 258 389 382 284
0001001101011110: 258 389 382 304
0001001101011110: 258 389 382 300
0001001101011110: 258 389 382 276
0001001101011110: 269 281 439 413
0001001101011110: 270 415 379 368
0001001101011110: 270 379 455 368
0001001101011110: 270 379 451 368
0001001101011110: 270 379 436 368
0001001101011110: 270 379 368 464
0001001101011110: 270 379 368 362
0001001101011110: 270 379 368 308
0001001101011110: 270 379 368 286
0001001101011110: 279 346 389 382
0001001101011110: 281 439 385 413
0001001101011110: 281 439 322 413
0001001101011110: 281 439 319 413
0001001101011110: 281 439 435 413
0001001101011110: 281 439 413 378
0001001101011110: 281 439 413 353
0001001101011110: 281 439 413 310
0001001101011110: 281 439 413 300
0001001101011110: 284 382 389 346
0001001101011110: 290 389 382 346
0001001101011110: 328 382 389 346
0001001101011110: 336 389 382 346
0001001101011110: 341 389 382 346
0001001101011110: 346 463 389 382
0001001101011110: 346 450 389 382
0001001101011110: 346 400 389 382
0001001101011110: 346 393 389 382
0001001101011110: 346 389 425 382
0001001101011110: 346 389 384 382
0001001101011110: 346 389 366 382
0001001101011110: 346 389 382 464
0001001101011110: 346 389 382 457
0001001101011110: 346 389 382 449
0001001101011110: 346 389 382 444
0001001101011110: 346 389 382 396
