0001001101011110: 1 213 162 10
0001001101011110: 1 213 110 10
0001001101011110: 1 184 116 58
0001001101011110: 1 184 116 9
0001001101011110: 1 140 130 6
0001001101011110: 1 50 193 162
0001001101011110: 1 50 165 162
0001001101011110: 2 79 187 166
0001001101011110: 2 44 191 170
0001001101011110: 2 44 170 51
0001001101011110: 3 198 97 20
0001001101011110: 4 212 211 49
0001001101011110: 4 212 191 49
0001001101011110: 4 212 178 49
0001001101011110: 4 212 177 49
0001001101011110: 4 212 159 49
0001001101011110: 4 212 149 49
0001001101011110: 4 212 145 49
0001001101011110: 4 212 127 49
0001001101011110: 4 212 51 49
0001001101011110: 4 212 204 49
0001001101011110: 4 212 141 49
0001001101011110: 4 212 132 49
0001001101011110: 4 212 76 49
0001001101011110: 4 212 49 203
0001001101011110: 4 212 49 195
0001001101011110: 4 212 49 188
0001001101011110: 4 212 49 124
0001001101011110: 4 212 49 115
0001001101011110: 4 204 185 177
0001001101011110: 4 76 215 75
0001001101011110: 5 207 119 65
0001001101011110: 5 207 72 65
0001001101011110: 5 198 97 20
0001001101011110: 5 174 215 75
0001001101011110: 5 153 95 64
0001001101011110: 5 107 139 86
0001001101011110: 5 89 209 180
0001001101011110: 5 89 209 39
0001001101011110: 5 89 180 13
0001001101011110: 5 89 109 39
0001001101011110: 5 89 60 23
0001001101011110: 5 28 123 55
0001001101011110: 6 206 189 27
0001001101011110: 6 206 140 130
0001001101011110: 6 196 140 130
0001001101011110: 6 181 140 130
0001001101011110: 6 140 97 130
0001001101011110: 6 140 45 130
0001001101011110: 6 140 130 211
0001001101011110: 6 140 130 200
0001001101011110: 6 140 130 57
0001001101011110: 6 140 130 31
0001001101011110: 6 140 130 23
0001001101011110: 6 140 130 16
0001001101011110: 6 140 130 99
0001001101011110: 6 130 57 16
0001001101011110: 7 206 189 27
0001001101011110: 7 95 153 64
0001001101011110: 7 89 209 180
0001001101011110: 7 89 209 39
0001001101011110: 7 89 180 13
0001001101011110: 7 89 109 39
0001001101011110: 7 89 60 23
0001001101011110: 7 18 147 116
0001001101011110: 7 18 116 82
0001001101011110: 9 184 153 116
0001001101011110: 9 184 78 116
0001001101011110: 9 184 23 116
0001001101011110: 9 184 165 116
0001001101011110: 9 184 128 116
0001001101011110: 9 184 128 84
0001001101011110: 9 184 116 182
0001001101011110: 9 184 116 172
0001001101011110: 9 184 116 152
0001001101011110: 9 184 116 147
0001001101011110: 9 184 116 107
0001001101011110: 9 184 116 82
0001001101011110: 9 184 116 75
0001001101011110: 9 184 116 67
0001001101011110: 9 184 116 19
0001001101011110: 9 184 116 18
0001001101011110: 9 184 116 84
0001001101011110: 9 184 116 65
0001001101011110: 9 184 116 47
0001001101011110: 9 184 116 16
0001001101011110: 9 184 116 15
0001001101011110: 9 165 162 50
0001001101011110: 9 165 138 23
0001001101011110: 9 165 128 84
0001001101011110: 9 128 191 84
0001001101011110: 9 128 179 84
0001001101011110: 9 128 149 84
0001001101011110: 9 128 134 84
0001001101011110: 9 128 55 84
0001001101011110: 9 128 21 84
0001001101011110: 9 128 116 84
0001001101011110: 9 128 84 195
0001001101011110: 9 128 84 145
0001001101011110: 9 128 84 103
0001001101011110: 9 128 84 65
0001001101011110: 9 128 84 47
0001001101011110: 9 128 84 16
0001001101011110: 9 128 84 15
0001001101011110: 9 116 147 18
0001001101011110: 9 116 82 18
0001001101011110: 9 65 207 119
0001001101011110: 9 65 207 72
0001001101011110: 9 16 130 57
0001001101011110: 10 213 186 162
0001001101011110: 10 213 186 110
0001001101011110: 10 213 181 162
0001001101011110: 10 213 181 110
0001001101011110: 10 213 124 162
0001001101011110: 10 213 124 110
0001001101011110: 10 213 98 162
0001001101011110: 10 213 98 110
0001001101011110: 10 213 85 162
0001001101011110: 10 213 85 110
0001001101011110: 10 213 12 162
0001001101011110: 10 213 12 110
0001001101011110: 10 213 196 162
0001001101011110: 10 213 196 110
0001001101011110: 10 213 162 199
0001001101011110: 10 213 162 193
0001001101011110: 10 213 162 187
0001001101011110: 10 213 162 176
0001001101011110: 10 213 162 165
0001001101011110: 10 213 162 141
0001001101011110: 10 213 162 127
0001001101011110: 10 213 162 50
0001001101011110: 10 213 162 102
0001001101011110: 10 213 162 78
0001001101011110: 10 213 162 23
0001001101011110: 10 213 110 215
0001001101011110: 10 213 110 199
0001001101011110: 10 213 110 182
0001001101011110: 10 213 110 66
0001001101011110: 10 213 110 39
0001001101011110: 10 213 110 102
0001001101011110: 10 213 110 78
0001001101011110: 10 213 110 23
0001001101011110: 10 213 102 23
0001001101011110: 10 196 102 23
0001001101011110: 10 162 193 50
0001001101011110: 10 162 165 50
0001001101011110: 10 162 102 23
0001001101011110: 10 110 102 23
0001001101011110: 10 102 202 23
0001001101011110: 10 102 188 23
0001001101011110: 10 102 179 23
0001001101011110: 10 102 172 23
0001001101011110: 10 102 106 23
0001001101011110: 10 102 91 23
0001001101011110: 10 102 78 23
0001001101011110: 10 102 23 205
0001001101011110: 10 102 23 184
0001001101011110: 10 102 23 165
0001001101011110: 10 102 23 138
0001001101011110: 10 102 23 130
0001001101011110: 10 102 23 89
0001001101011110: 10 102 23 73
0001001101011110: 10 102 23 60
0001001101011110: 10 102 23 36
0001001101011110: 10 102 23 30
0001001101011110: 10 78 164 149
0001001101011110: 10 23 165 138
0001001101011110: 10 23 89 60
0001001101011110: 11 164 149 78
0001001101011110: 11 86 139 107
0001001101011110: 11 64 153 95
0001001101011110: 12 213 183 77
0001001101011110: 12 204 185 177
0001001101011110: 12 204 183 77
0001001101011110: 12 183 160 77
0001001101011110: 12 183 66 77
0001001101011110: 12 183 27 77
0001001101011110: 12 183 165 77
0001001101011110: 12 183 77 91
0001001101011110: 12 183 77 71
0001001101011110: 12 165 162 50
0001001101011110: 12 165 138 23
0001001101011110: 13 201 180 89
0001001101011110: 13 180 160 89
0001001101011110: 13 180 122 89
0001001101011110: 13 180 107 89
0001001101011110: 13 180 20 89
0001001101011110: 13 180 152 89
0001001101011110: 13 180 148 89
0001001101011110: 13 180 89 164
0001001101011110: 13 180 89 109
0001001101011110: 13 180 89 82
0001001101011110: 13 180 89 60
0001001101011110: 13 180 89 39
0001001101011110: 13 180 89 25
0001001101011110: 13 180 89 23
0001001101011110: 13 180 89 68
0001001101011110: 13 180 89 21
0001001101011110: 13 180 89 19
0001001101011110: 13 89 209 39
0001001101011110: 13 89 109 39
0001001101011110: 13 89 60 23
0001001101011110: 15 185 204 177
0001001101011110: 15 166 187 79
0001001101011110: 15 53 137 59
0001001101011110: 16 156 109 39
0001001101011110: 16 156 130 57
0001001101011110: 16 148 130 57
0001001101011110: 16 130 211 57
0001001101011110: 16 130 200 57
0001001101011110: 16 130 140 57
0001001101011110: 16 130 31 57
0001001101011110: 16 130 23 57
0001001101011110: 16 130 120 57
0001001101011110: 16 130 90 57
0001001101011110: 16 130 71 57
0001001101011110: 16 130 57 99
0001001101011110: 16 130 57 85
0001001101011110: 16 130 57 80
0001001101011110: 16 130 57 42
0001001101011110: 18 214 147 116
0001001101011110: 18 214 116 82
0001001101011110: 18 209 180 89
0001001101011110: 18 209 89 39
0001001101011110: 18 209 147 116
0001001101011110: 18 209 116 82
0001001101011110: 18 151 147 116
0001001101011110: 18 151 116 82
0001001101011110: 18 147 159 116
0001001101011110: 18 147 98 116
0001001101011110: 18 147 22 116
0001001101011110: 18 147 116 184
0001001101011110: 18 147 116 182
0001001101011110: 18 147 116 172
0001001101011110: 18 147 116 152
0001001101011110: 18 147 116 107
0001001101011110: 18 147 116 75
0001001101011110: 18 147 116 67
0001001101011110: 18 147 116 58
0001001101011110: 18 147 116 19
0001001101011110: 18 147 116 114
0001001101011110: 18 147 116 66
0001001101011110: 18 147 116 54
0001001101011110: 18 147 116 35
0001001101011110: 18 116 184 58
0001001101011110: 18 116 184 82
0001001101011110: 18 116 182 82
0001001101011110: 18 116 172 82
0001001101011110: 18 116 152 82
0001001101011110: 18 116 107 82
0001001101011110: 18 116 75 82
0001001101011110: 18 116 67 82
0001001101011110: 18 116 58 82
0001001101011110: 18 116 19 82
0001001101011110: 18 116 114 82
0001001101011110: 18 116 82 198
0001001101011110: 18 116 82 94
0001001101011110: 18 116 82 93
0001001101011110: 18 116 82 89
0001001101011110: 18 116 82 52
0001001101011110: 18 116 82 34
0001001101011110: 18 116 82 66
0001001101011110: 18 116 82 54
0001001101011110: 18 116 82 35
0001001101011110: 18 114 103 58
0001001101011110: 19 206 189 27
0001001101011110: 19 138 165 23
0001001101011110: 19 116 184 58
0001001101011110: 20 201 198 97
0001001101011110: 20 198 120 97
0001001101011110: 20 198 83 97
0001001101011110: 20 198 82 97
0001001101011110: 20 198 180 97
0001001101011110: 20 198 101 97
0001001101011110: 20 198 97 163
0001001101011110: 20 198 97 140
0001001101011110: 20 198 97 100
0001001101011110: 20 198 97 68
0001001101011110: 20 198 97 35
0001001101011110: 20 180 209 89
0001001101011110: 21 128 146 84
0001001101011110: 21 128 136 84
0001001101011110: 21 76 215 75
0001001101011110: 21 64 153 95
0001001101011110: 21 58 184 116
0001001101011110: 21 58 114 103
0001001101011110: 22 62 210 60
0001001101011110: 23 205 135 51
0001001101011110: 23 205 135 33
0001001101011110: 23 205 165 138
0001001101011110: 23 205 89 60
0001001101011110: 23 184 116 58
0001001101011110: 23 184 165 138
0001001101011110: 23 184 89 60
0001001101011110: 23 165 185 138
0001001101011110: 23 165 162 50
0001001101011110: 23 165 162 138
0001001101011110: 23 165 50 138
0001001101011110: 23 165 41 138
0001001101011110: 23 165 138 106
0001001101011110: 23 165 138 66
0001001101011110: 23 165 138 26
0001001101011110: 23 165 138 130
0001001101011110: 23 165 138 102
0001001101011110: 23 165 138 89
0001001101011110: 23 165 138 73
0001001101011110: 23 165 138 60
0001001101011110: 23 165 138 36
0001001101011110: 23 165 138 30
0001001101011110: 23 165 89 60
0001001101011110: 23 138 89 60
0001001101011110: 23 130 89 60
0001001101011110: 23 102 89 60
0001001101011110: 23 89 209 180
0001001101011110: 23 89 209 39
0001001101011110: 23 89 209 60
0001001101011110: 23 89 180 60
0001001101011110: 23 89 164 60
0001001101011110: 23 89 109 39
0001001101011110: 23 89 109 60
0001001101011110: 23 89 82 60
0001001101011110: 23 89 39 60
0001001101011110: 23 89 25 60
0001001101011110: 23 89 73 60
0001001101011110: 23 89 60 210
0001001101011110: 23 89 60 202
0001001101011110: 23 89 60 195
0001001101011110: 23 89 60 141
0001001101011110: 23 89 60 135
0001001101011110: 23 89 60 94
0001001101011110: 23 89 60 62
0001001101011110: 23 89 60 54
0001001101011110: 23 89 60 36
0001001101011110: 23 89 60 30
0001001101011110: 23 60 210 62
0001001101011110: 25 205 135 51
0001001101011110: 25 205 135 33
0001001101011110: 25 89 209 180
0001001101011110: 25 89 209 39
0001001101011110: 25 89 109 39
0001001101011110: 26 185 204 177
0001001101011110: 26 150 139 119
0001001101011110: 27 206 194 189
0001001101011110: 27 206 139 189
0001001101011110: 27 206 112 189
0001001101011110: 27 206 103 189
0001001101011110: 27 206 189 192
0001001101011110: 27 206 189 168
0001001101011110: 27 206 189 159
0001001101011110: 27 206 189 151
0001001101011110: 27 206 189 188
0001001101011110: 27 206 189 183
0001001101011110: 27 206 189 179
0001001101011110: 27 206 189 124
0001001101011110: 27 206 189 120
0001001101011110: 27 206 189 118
0001001101011110: 27 188 100 29
0001001101011110: 28 185 204 177
0001001101011110: 28 185 123 55
0001001101011110: 28 123 157 55
0001001101011110: 28 123 91 55
0001001101011110: 28 123 73 55
0001001101011110: 28 123 55 201
0001001101011110: 28 123 55 194
0001001101011110: 28 123 55 128
0001001101011110: 28 123 55 51
0001001101011110: 28 51 205 135
0001001101011110: 28 51 170 44
0001001101011110: 29 188 157 100
0001001101011110: 29 188 102 100
0001001101011110: 29 188 88 100
0001001101011110: 29 188 66 100
0001001101011110: 29 188 49 100
0001001101011110: 29 188 187 100
0001001101011110: 29 188 131 100
0001001101011110: 29 188 100 182
0001001101011110: 29 188 100 97
0001001101011110: 29 188 100 65
0001001101011110: 29 188 100 47
0001001101011110: 29 188 100 43
0001001101011110: 29 188 100 40
0001001101011110: 29 187 166 79
0001001101011110: 29 43 67 38
0001001101011110: 30 58 184 116
0001001101011110: 30 58 114 103
0001001101011110: 32 149 164 78
0001001101011110: 32 103 114 58
0001001101011110: 32 39 209 89
0001001101011110: 32 39 156 109
0001001101011110: 32 39 109 89
0001001101011110: 33 205 200 135
0001001101011110: 33 205 156 135
0001001101011110: 33 205 144 135
0001001101011110: 33 205 91 135
0001001101011110: 33 205 35 135
0001001101011110: 33 205 141 135
0001001101011110: 33 205 135 208
0001001101011110: 33 205 135 207
0001001101011110: 33 205 135 133
0001001101011110: 33 205 135 69
0001001101011110: 33 205 135 60
0001001101011110: 33 205 135 50
0001001101011110: 33 205 135 112
0001001101011110: 33 205 135 96
0001001101011110: 33 205 135 87
0001001101011110: 33 205 135 63
0001001101011110: 33 205 135 42
0001001101011110: 34 187 166 79
0001001101011110: 34 149 164 78
0001001101011110: 35 215 174 75
0001001101011110: 35 215 76 75
0001001101011110: 35 205 135 51
0001001101011110: 35 146 128 84
0001001101011110: 35 58 184 116
0001001101011110: 35 58 114 103
0001001101011110: 36 76 215 75
0001001101011110: 38 91 67 43
0001001101011110: 38 85 67 43
0001001101011110: 38 67 215 43
0001001101011110: 38 67 143 43
0001001101011110: 38 67 141 43
0001001101011110: 38 67 119 43
0001001101011110: 38 67 116 43
0001001101011110: 38 67 95 43
0001001101011110: 38 67 51 43
0001001101011110: 38 67 43 202
0001001101011110: 38 67 43 195
0001001101011110: 38 67 43 161
0001001101011110: 38 67 43 159
0001001101011110: 38 67 43 154
0001001101011110: 38 67 43 139
0001001101011110: 38 67 43 66
0001001101011110: 38 67 43 39
0001001101011110: 38 67 43 42
0001001101011110: 38 51 205 135
0001001101011110: 38 51 170 44
0001001101011110: 39 209 167 89
0001001101011110: 39 209 155 89
0001001101011110: 39 209 126 89
0001001101011110: 39 209 78 89
0001001101011110: 39 209 207 89
0001001101011110: 39 209 204 89
0001001101011110: 39 209 160 89
0001001101011110: 39 209 156 109
0001001101011110: 39 209 156 89
0001001101011110: 39 209 141 89
0001001101011110: 39 209 110 89
0001001101011110: 39 209 89 164
0001001101011110: 39 209 89 82
0001001101011110: 39 209 89 60
0001001101011110: 39 209 89 88
0001001101011110: 39 209 89 43
0001001101011110: 39 207 119 65
0001001101011110: 39 207 72 65
0001001101011110: 39 207 156 109
0001001101011110: 39 207 109 89
0001001101011110: 39 204 185 177
0001001101011110: 39 204 156 109
0001001101011110: 39 204 109 89
0001001101011110: 39 160 156 109
0001001101011110: 39 160 109 89
0001001101011110: 39 156 205 109
0001001101011110: 39 156 191 109
0001001101011110: 39 156 182 109
0001001101011110: 39 156 177 109
0001001101011110: 39 156 134 109
0001001101011110: 39 156 141 109
0001001101011110: 39 156 110 109
0001001101011110: 39 156 109 181
0001001101011110: 39 156 109 176
0001001101011110: 39 156 109 161
0001001101011110: 39 156 109 132
0001001101011110: 39 156 109 88
0001001101011110: 39 156 109 43
0001001101011110: 39 141 109 89
0001001101011110: 39 110 109 89
0001001101011110: 39 109 181 89
0001001101011110: 39 109 176 89
0001001101011110: 39 109 161 89
0001001101011110: 39 109 132 89
0001001101011110: 39 109 89 180
0001001101011110: 39 109 89 164
0001001101011110: 39 109 89 82
0001001101011110: 39 109 89 60
0001001101011110: 39 109 89 88
0001001101011110: 39 109 89 43
0001001101011110: 41 165 162 50
0001001101011110: 41 53 137 59
0001001101011110: 43 139 150 119
0001001101011110: 43 139 107 86
0001001101011110: 44 208 191 170
0001001101011110: 44 208 170 51
0001001101011110: 44 191 212 170
0001001101011110: 44 191 192 170
0001001101011110: 44 191 156 170
0001001101011110: 44 191 139 170
0001001101011110: 44 191 128 170
0001001101011110: 44 191 83 170
0001001101011110: 44 191 182 170
0001001101011110: 44 191 177 170
0001001101011110: 44 191 170 172
0001001101011110: 44 191 170 155
0001001101011110: 44 191 170 91
0001001101011110: 44 182 170 51
0001001101011110: 44 177 204 185
0001001101011110: 44 177 170 51
0001001101011110: 44 170 172 51
0001001101011110: 44 170 155 51
0001001101011110: 44 170 91 51
0001001101011110: 44 170 51 212
0001001101011110: 44 170 51 205
0001001101011110: 44 170 51 135
0001001101011110: 44 170 51 125
0001001101011110: 44 170 51 122
0001001101011110: 44 170 51 108
0001001101011110: 44 51 205 135
0001001101011110: 46 187 166 79
0001001101011110: 48 50 193 162
0001001101011110: 48 50 165 162
0001001101011110: 50 193 164 162
0001001101011110: 50 193 160 162
0001001101011110: 50 193 113 162
0001001101011110: 50 193 103 162
0001001101011110: 50 193 162 213
0001001101011110: 50 193 162 199
0001001101011110: 50 193 162 187
0001001101011110: 50 193 162 176
0001001101011110: 50 193 162 141
0001001101011110: 50 193 162 127
0001001101011110: 50 193 162 139
0001001101011110: 50 193 162 135
0001001101011110: 50 165 185 162
0001001101011110: 50 165 138 162
0001001101011110: 50 165 162 213
0001001101011110: 50 165 162 199
0001001101011110: 50 165 162 187
0001001101011110: 50 165 162 176
0001001101011110: 50 165 162 141
0001001101011110: 50 165 162 127
0001001101011110: 50 165 162 139
0001001101011110: 50 165 162 135
0001001101011110: 50 139 150 119
0001001101011110: 50 139 107 86
0001001101011110: 50 135 205 51
0001001101011110: 51 212 205 135
0001001101011110: 51 205 200 135
0001001101011110: 51 205 156 135
0001001101011110: 51 205 144 135
0001001101011110: 51 205 91 135
0001001101011110: 51 205 170 135
0001001101011110: 51 205 135 208
0001001101011110: 51 205 135 207
0001001101011110: 51 205 135 133
0001001101011110: 51 205 135 69
0001001101011110: 51 205 135 60
0001001101011110: 51 205 135 125
0001001101011110: 51 205 135 122
0001001101011110: 51 205 135 108
0001001101011110: 53 201 137 59
0001001101011110: 53 187 166 79
0001001101011110: 53 187 137 59
0001001101011110: 53 174 215 75
0001001101011110: 53 174 137 59
0001001101011110: 53 137 195 59
0001001101011110: 53 137 143 59
0001001101011110: 53 137 62 59
0001001101011110: 53 137 132 59
0001001101011110: 53 137 90 59
0001001101011110: 53 137 74 59
0001001101011110: 53 137 59 157
0001001101011110: 53 137 59 56
0001001101011110: 54 166 187 79
0001001101011110: 54 60 210 62
0001001101011110: 55 128 146 84
0001001101011110: 55 128 136 84
0001001101011110: 56 139 150 119
0001001101011110: 56 139 107 86
0001001101011110: 58 211 184 116
0001001101011110: 58 211 114 103
0001001101011110: 58 184 153 116
0001001101011110: 58 184 78 116
0001001101011110: 58 184 176 116
0001001101011110: 58 184 158 116
0001001101011110: 58 184 116 182
0001001101011110: 58 184 116 172
0001001101011110: 58 184 116 152
0001001101011110: 58 184 116 147
0001001101011110: 58 184 116 107
0001001101011110: 58 184 116 82
0001001101011110: 58 184 116 75
0001001101011110: 58 184 116 67
0001001101011110: 58 184 116 114
0001001101011110: 58 184 116 103
0001001101011110: 58 184 114 103
0001001101011110: 58 176 114 103
0001001101011110: 58 158 114 103
0001001101011110: 58 116 114 103
0001001101011110: 58 114 104 103
0001001101011110: 58 114 93 103
0001001101011110: 58 114 103 206
0001001101011110: 58 114 103 193
0001001101011110: 58 114 103 182
0001001101011110: 58 114 103 169
0001001101011110: 58 114 103 150
0001001101011110: 58 114 103 118
0001001101011110: 58 114 103 84
0001001101011110: 60 210 181 62
0001001101011110: 60 210 126 62
0001001101011110: 60 210 202 62
0001001101011110: 60 210 195 62
0001001101011110: 60 210 141 62
0001001101011110: 60 210 135 62
0001001101011110: 60 210 94 62
0001001101011110: 60 210 89 62
0001001101011110: 60 210 62 175
0001001101011110: 60 210 62 152
0001001101011110: 60 210 62 146
0001001101011110: 60 210 62 139
0001001101011110: 60 210 62 137
0001001101011110: 60 210 62 111
0001001101011110: 60 89 209 180
0001001101011110: 61 72 207 65
0001001101011110: 62 146 128 84
0001001101011110: 62 139 150 119
0001001101011110: 62 139 107 86
0001001101011110: 64 214 153 95
0001001101011110: 64 181 153 95
0001001101011110: 64 177 204 185
0001001101011110: 64 177 153 95
0001001101011110: 64 173 153 95
0001001101011110: 64 166 187 79
0001001101011110: 64 166 153 95
0001001101011110: 64 160 153 95
0001001101011110: 64 153 195 95
0001001101011110: 64 153 184 95
0001001101011110: 64 153 143 95
0001001101011110: 64 153 142 95
0001001101011110: 64 153 115 95
0001001101011110: 64 153 96 95
0001001101011110: 64 153 68 95
0001001101011110: 64 153 124 95
0001001101011110: 64 153 95 145
0001001101011110: 64 153 95 67
0001001101011110: 65 207 182 119
0001001101011110: 65 207 182 72
0001001101011110: 65 207 158 119
0001001101011110: 65 207 158 72
0001001101011110: 65 207 136 119
0001001101011110: 65 207 136 72
0001001101011110: 65 207 135 119
0001001101011110: 65 207 135 72
0001001101011110: 65 207 124 119
0001001101011110: 65 207 124 72
0001001101011110: 65 207 179 119
0001001101011110: 65 207 179 72
0001001101011110: 65 207 134 119
0001001101011110: 65 207 134 72
0001001101011110: 65 207 119 150
0001001101011110: 65 207 119 139
0001001101011110: 65 207 119 115
0001001101011110: 65 207 119 108
0001001101011110: 65 207 119 99
0001001101011110: 65 207 119 67
0001001101011110: 65 207 119 100
0001001101011110: 65 207 100 72
0001001101011110: 65 207 72 168
0001001101011110: 65 207 72 159
0001001101011110: 65 207 72 141
0001001101011110: 65 207 72 120
0001001101011110: 65 119 150 139
0001001101011110: 66 75 215 174
0001001101011110: 66 75 215 76
0001001101011110: 67 215 174 75
0001001101011110: 67 215 76 75
0001001101011110: 67 119 150 139
0001001101011110: 68 107 139 86
0001001101011110: 70 174 215 75
0001001101011110: 70 166 187 79
0001001101011110: 70 107 139 86
0001001101011110: 71 79 187 166
0001001101011110: 75 215 110 174
0001001101011110: 75 215 110 76
0001001101011110: 75 215 174 172
0001001101011110: 75 215 174 144
0001001101011110: 75 215 174 122
0001001101011110: 75 215 174 116
0001001101011110: 75 215 144 76
0001001101011110: 75 215 122 76
0001001101011110: 75 215 116 76
0001001101011110: 75 215 76 196
0001001101011110: 78 209 180 89
0001001101011110: 78 209 164 149
0001001101011110: 78 184 164 149
0001001101011110: 78 164 208 149
0001001101011110: 78 164 200 149
0001001101011110: 78 164 193 149
0001001101011110: 78 164 96 149
0001001101011110: 78 164 89 149
0001001101011110: 78 164 87 149
0001001101011110: 78 164 149 212
0001001101011110: 78 164 149 182
0001001101011110: 78 164 149 171
0001001101011110: 78 164 149 168
0001001101011110: 78 164 149 128
0001001101011110: 78 164 149 132
0001001101011110: 78 164 149 127
0001001101011110: 79 187 162 166
0001001101011110: 79 187 161 166
0001001101011110: 79 187 148 166
0001001101011110: 79 187 107 166
0001001101011110: 79 187 99 166
0001001101011110: 79 187 182 166
0001001101011110: 79 187 166 121
0001001101011110: 79 187 166 120
0001001101011110: 79 187 166 86
0001001101011110: 79 187 166 83
0001001101011110: 79 86 139 107
0001001101011110: 80 107 139 86
0001001101011110: 82 89 209 180
0001001101011110: 84 195 146 128
0001001101011110: 84 195 136 128
0001001101011110: 84 146 88 128
0001001101011110: 84 146 145 128
0001001101011110: 84 146 128 191
0001001101011110: 84 146 128 179
0001001101011110: 84 146 128 149
0001001101011110: 84 146 128 134
0001001101011110: 84 146 128 103
0001001101011110: 84 145 136 128
0001001101011110: 84 136 207 128
0001001101011110: 84 136 99 128
0001001101011110: 84 136 128 191
0001001101011110: 84 136 128 179
0001001101011110: 84 136 128 149
0001001101011110: 84 136 128 134
0001001101011110: 84 136 128 103
0001001101011110: 85 185 204 177
0001001101011110: 86 154 139 107
0001001101011110: 86 139 206 107
0001001101011110: 86 139 191 107
0001001101011110: 86 139 150 119
0001001101011110: 86 139 150 107
0001001101011110: 86 139 122 107
0001001101011110: 86 139 119 107
0001001101011110: 86 139 115 107
0001001101011110: 86 139 107 194
0001001101011110: 86 139 107 187
0001001101011110: 86 139 107 180
0001001101011110: 86 139 107 116
0001001101011110: 89 209 167 180
0001001101011110: 89 209 155 180
0001001101011110: 89 209 126 180
0001001101011110: 89 209 180 160
0001001101011110: 89 209 180 122
0001001101011110: 89 209 180 107
0001001101011110: 89 209 180 164
0001001101011110: 89 209 180 109
0001001101011110: 90 185 204 177
0001001101011110: 91 150 139 119
0001001101011110: 92 185 204 177
0001001101011110: 98 204 185 177
0001001101011110: 99 119 150 139
0001001101011110: 103 150 139 119
0001001101011110: 107 139 150 119
0001001101011110: 108 119 150 139
0001001101011110: 115 119 150 139
0001001101011110: 117 177 204 185
0001001101011110: 119 207 150 139
0001001101011110: 119 150 196 139
0001001101011110: 119 150 139 206
0001001101011110: 119 150 139 191
0001001101011110: 119 150 139 122
0001001101011110: 156 177 204 185
0001001101011110: 157 204 185 177
0001001101011110: 165 185 204 177
0001001101011110: 177 212 204 185
0001001101011110: 177 204 185 202
