0001001101011110: 1 190 410 309
0001001101011110: 1 190 108 56
0001001101011110: 2 433 97 38
0001001101011110: 2 308 250 13
0001001101011110: 3 438 241 197
0001001101011110: 3 236 328 294
0001001101011110: 4 197 438 241
0001001101011110: 5 404 446 286
0001001101011110: 5 404 413 286
0001001101011110: 5 404 350 286
0001001101011110: 5 404 60 286
0001001101011110: 5 404 22 286
0001001101011110: 5 404 321 286
0001001101011110: 5 404 286 391
0001001101011110: 5 404 286 380
0001001101011110: 5 404 286 315
0001001101011110: 5 404 286 227
0001001101011110: 5 404 286 30
0001001101011110: 5 404 286 16
0001001101011110: 5 404 286 132
0001001101011110: 5 404 286 131
0001001101011110: 7 270 298 120
0001001101011110: 7 270 123 120
0001001101011110: 8 190 410 309
0001001101011110: 8 190 108 56
0001001101011110: 9 282 379 277
0001001101011110: 9 282 277 32
0001001101011110: 10 436 434 154
0001001101011110: 10 436 207 154
0001001101011110: 10 204 269 93
0001001101011110: 10 204 127 72
0001001101011110: 11 457 123 120
0001001101011110: 11 410 455 25
0001001101011110: 11 410 309 190
0001001101011110: 12 298 270 120
0001001101011110: 13 333 308 250
0001001101011110: 13 314 308 250
0001001101011110: 13 308 446 250
0001001101011110: 13 308 378 250
0001001101011110: 13 308 309 250
0001001101011110: 13 308 152 250
0001001101011110: 13 308 151 250
0001001101011110: 13 308 150 250
0001001101011110: 13 308 45 250
0001001101011110: 13 308 43 250
0001001101011110: 13 308 276 250
0001001101011110: 13 308 250 395
0001001101011110: 13 308 250 321
0001001101011110: 13 308 250 167
0001001101011110: 13 308 250 155
0001001101011110: 13 308 250 136
0001001101011110: 13 308 250 135
0001001101011110: 13 308 250 221
0001001101011110: 13 308 250 83
0001001101011110: 13 308 250 67
0001001101011110: 14 323 363 218
0001001101011110: 15 322 463 164
0001001101011110: 15 295 408 93
0001001101011110: 15 228 429 181
0001001101011110: 15 147 439 332
0001001101011110: 15 37 381 365
0001001101011110: 16 457 123 120
0001001101011110: 17 309 410 190
0001001101011110: 17 120 457 123
0001001101011110: 17 120 298 270
0001001101011110: 17 120 270 123
0001001101011110: 18 97 433 38
0001001101011110: 20 380 299 134
0001001101011110: 20 380 129 113
0001001101011110: 20 342 129 113
0001001101011110: 20 337 129 113
0001001101011110: 20 285 129 113
0001001101011110: 20 258 129 113
0001001101011110: 20 209 129 113
0001001101011110: 20 129 448 113
0001001101011110: 20 129 328 113
0001001101011110: 20 129 317 113
0001001101011110: 20 129 148 113
0001001101011110: 20 129 146 113
0001001101011110: 20 129 65 113
0001001101011110: 20 129 60 113
0001001101011110: 20 129 113 427
0001001101011110: 20 129 113 167
0001001101011110: 20 129 113 143
0001001101011110: 20 129 113 107
0001001101011110: 21 332 439 147
0001001101011110: 21 160 296 122
0001001101011110: 21 39 55 24
0001001101011110: 22 277 379 282
0001001101011110: 22 277 282 32
0001001101011110: 22 277 96 32
0001001101011110: 24 391 55 39
0001001101011110: 24 125 55 39
0001001101011110: 24 55 422 39
0001001101011110: 24 55 394 39
0001001101011110: 24 55 360 39
0001001101011110: 24 55 339 39
0001001101011110: 24 55 263 39
0001001101011110: 24 55 260 39
0001001101011110: 24 55 221 39
0001001101011110: 24 55 39 435
0001001101011110: 24 55 39 398
0001001101011110: 24 55 39 216
0001001101011110: 24 55 39 185
0001001101011110: 25 455 422 410
0001001101011110: 25 455 365 410
0001001101011110: 25 455 264 410
0001001101011110: 25 455 195 410
0001001101011110: 25 455 145 410
0001001101011110: 25 455 410 464
0001001101011110: 25 455 410 405
0001001101011110: 25 455 410 329
0001001101011110: 25 455 410 309
0001001101011110: 25 455 410 291
0001001101011110: 25 455 410 225
0001001101011110: 25 455 410 190
0001001101011110: 25 455 410 96
0001001101011110: 25 455 410 72
0001001101011110: 25 455 410 375
0001001101011110: 25 455 410 339
0001001101011110: 25 455 410 337
0001001101011110: 25 455 410 317
0001001101011110: 25 455 410 150
0001001101011110: 25 455 410 108
0001001101011110: 25 455 150 108
0001001101011110: 25 410 309 190
0001001101011110: 25 410 150 108
0001001101011110: 25 375 150 108
0001001101011110: 25 339 150 108
0001001101011110: 25 337 150 108
0001001101011110: 25 317 150 108
0001001101011110: 25 150 449 108
0001001101011110: 25 150 308 108
0001001101011110: 25 150 197 108
0001001101011110: 25 150 155 108
0001001101011110: 25 150 52 108
0001001101011110: 25 150 108 400
0001001101011110: 25 150 108 195
0001001101011110: 25 150 108 190
0001001101011110: 25 150 108 145
0001001101011110: 25 150 108 88
0001001101011110: 25 150 108 87
0001001101011110: 25 150 108 56
0001001101011110: 25 150 108 42
0001001101011110: 25 108 190 56
0001001101011110: 26 408 295 93
0001001101011110: 26 288 425 136
0001001101011110: 26 288 385 213
0001001101011110: 26 248 461 208
0001001101011110: 26 190 410 309
0001001101011110: 26 190 108 56
0001001101011110: 27 309 410 190
0001001101011110: 28 93 408 295
0001001101011110: 28 93 269 204
0001001101011110: 29 56 190 108
0001001101011110: 32 388 282 277
0001001101011110: 32 388 277 96
0001001101011110: 32 352 282 277
0001001101011110: 32 352 277 96
0001001101011110: 32 282 327 277
0001001101011110: 32 282 229 277
0001001101011110: 32 282 174 277
0001001101011110: 32 282 123 277
0001001101011110: 32 282 105 277
0001001101011110: 32 282 81 277
0001001101011110: 32 282 41 277
0001001101011110: 32 282 277 453
0001001101011110: 32 282 277 424
0001001101011110: 32 282 277 399
0001001101011110: 32 282 277 325
0001001101011110: 32 282 277 319
0001001101011110: 32 282 277 219
0001001101011110: 32 282 277 213
0001001101011110: 32 282 277 177
0001001101011110: 32 282 277 217
0001001101011110: 32 282 277 110
0001001101011110: 32 282 277 70
0001001101011110: 32 277 453 96
0001001101011110: 32 277 424 96
0001001101011110: 32 277 399 96
0001001101011110: 32 277 379 96
0001001101011110: 32 277 325 96
0001001101011110: 32 277 319 96
0001001101011110: 32 277 219 96
0001001101011110: 32 277 213 96
0001001101011110: 32 277 177 96
0001001101011110: 32 277 217 96
0001001101011110: 32 277 110 96
0001001101011110: 32 277 96 460
0001001101011110: 32 277 96 434
0001001101011110: 32 277 96 433
0001001101011110: 32 277 96 410
0001001101011110: 32 277 96 333
0001001101011110: 32 277 96 275
0001001101011110: 32 277 96 253
0001001101011110: 32 277 96 148
0001001101011110: 32 277 96 70
0001001101011110: 32 96 434 275
0001001101011110: 33 380 299 134
0001001101011110: 35 72 204 127
0001001101011110: 37 463 322 164
0001001101011110: 37 463 291 171
0001001101011110: 37 463 381 365
0001001101011110: 37 381 411 365
0001001101011110: 37 381 382 365
0001001101011110: 37 381 317 365
0001001101011110: 37 381 91 365
0001001101011110: 37 381 365 455
0001001101011110: 37 381 365 40
0001001101011110: 37 381 365 310
0001001101011110: 37 381 365 208
0001001101011110: 37 381 365 89
0001001101011110: 37 208 461 248
0001001101011110: 37 208 415 90
0001001101011110: 37 208 361 284
0001001101011110: 38 433 352 97
0001001101011110: 38 433 259 97
0001001101011110: 38 433 181 97
0001001101011110: 38 433 144 97
0001001101011110: 38 433 130 97
0001001101011110: 38 433 96 97
0001001101011110: 38 433 66 97
0001001101011110: 38 433 43 97
0001001101011110: 38 433 387 97
0001001101011110: 38 433 302 97
0001001101011110: 38 433 195 97
0001001101011110: 38 433 175 97
0001001101011110: 38 433 169 97
0001001101011110: 38 433 97 452
0001001101011110: 38 433 97 407
0001001101011110: 38 433 97 122
0001001101011110: 38 433 97 94
0001001101011110: 41 282 379 277
0001001101011110: 41 213 385 288
0001001101011110: 42 108 190 56
0001001101011110: 44 309 410 190
0001001101011110: 45 294 328 236
0001001101011110: 46 284 361 208
0001001101011110: 46 231 73 52
0001001101011110: 47 275 434 96
0001001101011110: 48 208 461 248
0001001101011110: 48 208 415 90
0001001101011110: 48 208 361 284
0001001101011110: 49 160 296 122
0001001101011110: 49 154 436 434
0001001101011110: 49 154 436 207
0001001101011110: 52 450 231 73
0001001101011110: 52 425 288 136
0001001101011110: 52 425 231 73
0001001101011110: 52 422 231 73
0001001101011110: 52 390 231 73
0001001101011110: 52 294 328 236
0001001101011110: 52 294 231 73
0001001101011110: 52 278 231 73
0001001101011110: 52 231 418 73
0001001101011110: 52 231 394 73
0001001101011110: 52 231 285 73
0001001101011110: 52 231 208 73
0001001101011110: 52 231 197 73
0001001101011110: 52 231 152 73
0001001101011110: 52 231 126 73
0001001101011110: 52 231 150 73
0001001101011110: 52 231 73 461
0001001101011110: 52 231 73 364
0001001101011110: 53 429 228 181
0001001101011110: 53 284 361 208
0001001101011110: 53 93 408 295
0001001101011110: 53 93 269 204
0001001101011110: 53 72 204 127
0001001101011110: 56 450 190 108
0001001101011110: 56 261 190 108
0001001101011110: 56 190 458 108
0001001101011110: 56 190 410 309
0001001101011110: 56 190 410 108
0001001101011110: 56 190 362 108
0001001101011110: 56 190 354 108
0001001101011110: 56 190 309 108
0001001101011110: 56 190 216 108
0001001101011110: 56 190 168 108
0001001101011110: 56 190 124 108
0001001101011110: 56 190 66 108
0001001101011110: 56 190 169 108
0001001101011110: 56 190 116 108
0001001101011110: 56 190 108 400
0001001101011110: 56 190 108 195
0001001101011110: 56 190 108 150
0001001101011110: 56 190 108 145
0001001101011110: 56 190 108 88
0001001101011110: 56 190 108 87
0001001101011110: 58 130 423 383
0001001101011110: 60 461 248 208
0001001101011110: 60 72 204 127
0001001101011110: 61 228 429 181
0001001101011110: 64 269 204 93
0001001101011110: 66 436 434 154
0001001101011110: 66 436 207 154
0001001101011110: 66 190 410 309
0001001101011110: 68 463 322 164
0001001101011110: 68 463 291 171
0001001101011110: 68 323 363 218
0001001101011110: 68 275 434 96
0001001101011110: 69 361 284 208
0001001101011110: 69 74 180 136
0001001101011110: 72 410 309 190
0001001101011110: 72 410 204 127
0001001101011110: 72 397 204 127
0001001101011110: 72 222 204 127
0001001101011110: 72 204 420 127
0001001101011110: 72 204 392 127
0001001101011110: 72 204 356 127
0001001101011110: 72 204 353 127
0001001101011110: 72 204 337 127
0001001101011110: 72 204 309 127
0001001101011110: 72 204 287 127
0001001101011110: 72 204 269 93
0001001101011110: 72 204 269 127
0001001101011110: 72 204 236 127
0001001101011110: 72 204 215 127
0001001101011110: 72 204 156 127
0001001101011110: 72 204 125 127
0001001101011110: 72 204 93 127
0001001101011110: 72 204 176 127
0001001101011110: 72 204 127 284
0001001101011110: 72 204 127 244
0001001101011110: 72 204 127 94
0001001101011110: 72 204 127 92
0001001101011110: 72 204 127 74
0001001101011110: 72 74 180 136
0001001101011110: 73 461 248 208
0001001101011110: 74 450 180 136
0001001101011110: 74 427 180 136
0001001101011110: 74 418 180 136
0001001101011110: 74 385 288 213
0001001101011110: 74 385 180 136
0001001101011110: 74 359 180 136
0001001101011110: 74 180 386 136
0001001101011110: 74 180 138 136
0001001101011110: 74 180 165 136
0001001101011110: 74 180 151 136
0001001101011110: 74 180 136 443
0001001101011110: 74 180 136 441
0001001101011110: 74 180 136 425
0001001101011110: 74 180 136 396
0001001101011110: 74 180 136 288
0001001101011110: 74 180 136 267
0001001101011110: 74 180 136 250
0001001101011110: 74 180 136 230
0001001101011110: 74 180 136 133
0001001101011110: 74 136 425 288
0001001101011110: 76 295 408 93
0001001101011110: 77 415 208 90
0001001101011110: 77 236 328 294
0001001101011110: 78 408 295 93
0001001101011110: 78 111 215 199
0001001101011110: 81 282 379 277
0001001101011110: 82 309 410 190
0001001101011110: 83 236 328 294
0001001101011110: 88 425 288 136
0001001101011110: 88 197 438 241
0001001101011110: 90 415 462 208
0001001101011110: 90 415 380 208
0001001101011110: 90 415 264 208
0001001101011110: 90 415 198 208
0001001101011110: 90 415 139 208
0001001101011110: 90 415 356 208
0001001101011110: 90 415 243 208
0001001101011110: 90 415 232 208
0001001101011110: 90 415 208 461
0001001101011110: 90 415 208 437
0001001101011110: 90 415 208 361
0001001101011110: 90 415 208 305
0001001101011110: 90 415 208 284
0001001101011110: 90 415 208 253
0001001101011110: 90 415 208 248
0001001101011110: 90 415 208 231
0001001101011110: 90 415 208 177
0001001101011110: 90 415 208 138
0001001101011110: 90 415 208 131
0001001101011110: 90 208 461 248
0001001101011110: 90 208 361 284
0001001101011110: 92 207 436 154
0001001101011110: 93 421 408 295
0001001101011110: 93 421 269 204
0001001101011110: 93 408 462 295
0001001101011110: 93 408 450 295
0001001101011110: 93 408 354 295
0001001101011110: 93 408 353 295
0001001101011110: 93 408 268 295
0001001101011110: 93 408 229 295
0001001101011110: 93 408 206 295
0001001101011110: 93 408 178 295
0001001101011110: 93 408 140 295
0001001101011110: 93 408 383 295
0001001101011110: 93 408 361 295
0001001101011110: 93 408 295 445
0001001101011110: 93 408 295 373
0001001101011110: 93 408 295 303
0001001101011110: 93 408 295 238
0001001101011110: 93 408 295 233
0001001101011110: 93 408 295 184
0001001101011110: 93 408 295 269
0001001101011110: 93 408 295 254
0001001101011110: 93 408 295 204
0001001101011110: 93 408 295 201
0001001101011110: 93 408 269 204
0001001101011110: 93 383 423 130
0001001101011110: 93 383 269 204
0001001101011110: 93 361 284 208
0001001101011110: 93 361 269 204
0001001101011110: 93 295 269 204
0001001101011110: 93 269 318 204
0001001101011110: 93 269 305 204
0001001101011110: 93 269 148 204
0001001101011110: 93 269 111 204
0001001101011110: 93 269 254 204
0001001101011110: 93 269 204 420
0001001101011110: 93 269 204 392
0001001101011110: 93 269 204 356
0001001101011110: 93 269 204 353
0001001101011110: 93 269 204 337
0001001101011110: 93 269 204 309
0001001101011110: 93 269 204 287
0001001101011110: 93 269 204 236
0001001101011110: 93 269 204 215
0001001101011110: 93 269 204 156
0001001101011110: 93 269 204 127
0001001101011110: 93 269 204 125
0001001101011110: 93 269 204 201
0001001101011110: 94 199 215 111
0001001101011110: 94 147 439 332
0001001101011110: 96 460 434 275
0001001101011110: 96 434 436 154
0001001101011110: 96 434 436 275
0001001101011110: 96 434 426 275
0001001101011110: 96 434 276 275
0001001101011110: 96 434 251 275
0001001101011110: 96 434 244 275
0001001101011110: 96 434 240 275
0001001101011110: 96 434 154 275
0001001101011110: 96 434 128 275
0001001101011110: 96 434 112 275
0001001101011110: 96 434 433 275
0001001101011110: 96 434 410 275
0001001101011110: 96 434 333 275
0001001101011110: 96 434 277 275
0001001101011110: 96 434 275 417
0001001101011110: 96 434 275 413
0001001101011110: 96 434 275 356
0001001101011110: 96 434 275 283
0001001101011110: 96 434 275 193
0001001101011110: 96 434 275 183
0001001101011110: 96 434 275 253
0001001101011110: 96 434 275 148
0001001101011110: 96 410 309 190
0001001101011110: 96 277 379 282
0001001101011110: 97 122 296 160
0001001101011110: 101 322 463 164
0001001101011110: 102 323 363 218
0001001101011110: 104 322 463 164
0001001101011110: 105 282 379 277
0001001101011110: 106 457 123 120
0001001101011110: 107 385 288 213
0001001101011110: 108 190 410 309
0001001101011110: 109 296 160 122
0001001101011110: 110 134 380 299
0001001101011110: 111 430 215 199
0001001101011110: 111 411 215 199
0001001101011110: 111 403 215 199
0001001101011110: 111 375 215 199
0001001101011110: 111 330 215 199
0001001101011110: 111 269 215 199
0001001101011110: 111 225 215 199
0001001101011110: 111 215 344 199
0001001101011110: 111 215 301 199
0001001101011110: 111 215 278 199
0001001101011110: 111 215 204 199
0001001101011110: 111 215 144 199
0001001101011110: 111 215 112 199
0001001101011110: 111 215 199 207
0001001101011110: 111 215 199 179
0001001101011110: 111 215 199 166
0001001101011110: 111 215 199 141
0001001101011110: 112 434 436 154
0001001101011110: 114 298 270 120
0001001101011110: 117 361 284 208
0001001101011110: 118 463 322 164
0001001101011110: 118 463 291 171
0001001101011110: 118 160 296 122
0001001101011110: 119 380 299 134
0001001101011110: 120 457 454 123
0001001101011110: 120 457 315 123
0001001101011110: 120 457 126 123
0001001101011110: 120 457 446 123
0001001101011110: 120 457 330 123
0001001101011110: 120 457 298 270
0001001101011110: 120 457 298 123
0001001101011110: 120 457 268 123
0001001101011110: 120 457 169 123
0001001101011110: 120 457 151 123
0001001101011110: 120 457 123 282
0001001101011110: 120 446 298 270
0001001101011110: 120 446 270 123
0001001101011110: 120 330 298 270
0001001101011110: 120 330 270 123
0001001101011110: 120 298 395 270
0001001101011110: 120 298 210 270
0001001101011110: 120 298 270 449
0001001101011110: 120 298 270 442
0001001101011110: 120 298 270 329
0001001101011110: 120 298 270 232
0001001101011110: 120 298 270 183
0001001101011110: 120 298 270 147
0001001101011110: 120 298 270 268
0001001101011110: 120 298 270 169
0001001101011110: 120 298 270 151
0001001101011110: 120 270 449 123
0001001101011110: 120 270 442 123
0001001101011110: 120 270 329 123
0001001101011110: 120 270 232 123
0001001101011110: 120 270 183 123
0001001101011110: 120 270 147 123
0001001101011110: 120 270 268 123
0001001101011110: 120 270 169 123
0001001101011110: 120 270 151 123
0001001101011110: 120 270 123 282
0001001101011110: 122 355 296 160
0001001101011110: 122 352 296 160
0001001101011110: 122 333 296 160
0001001101011110: 122 315 296 160
0001001101011110: 122 296 424 160
0001001101011110: 122 296 418 160
0001001101011110: 122 296 154 160
0001001101011110: 122 296 265 160
0001001101011110: 122 296 165 160
0001001101011110: 122 296 160 255
0001001101011110: 122 296 160 251
0001001101011110: 122 296 160 241
0001001101011110: 122 296 160 235
0001001101011110: 122 296 160 157
0001001101011110: 123 282 379 277
0001001101011110: 124 190 410 309
0001001101011110: 125 439 332 147
0001001101011110: 125 439 266 196
0001001101011110: 127 284 361 208
0001001101011110: 128 434 436 154
0001001101011110: 129 328 294 236
0001001101011110: 130 433 423 383
0001001101011110: 130 423 339 383
0001001101011110: 130 423 297 383
0001001101011110: 130 423 279 383
0001001101011110: 130 423 182 383
0001001101011110: 130 423 383 294
0001001101011110: 130 423 383 151
0001001101011110: 131 171 463 291
0001001101011110: 132 439 332 147
0001001101011110: 132 439 266 196
0001001101011110: 133 436 434 154
0001001101011110: 133 436 207 154
0001001101011110: 133 136 425 288
0001001101011110: 134 380 415 299
0001001101011110: 134 380 379 299
0001001101011110: 134 380 322 299
0001001101011110: 134 380 288 299
0001001101011110: 134 380 286 299
0001001101011110: 134 380 154 299
0001001101011110: 134 380 343 299
0001001101011110: 134 380 299 463
0001001101011110: 134 380 299 440
0001001101011110: 134 380 299 312
0001001101011110: 134 380 299 173
0001001101011110: 134 380 299 172
0001001101011110: 134 380 299 168
0001001101011110: 134 380 299 147
0001001101011110: 134 380 299 280
0001001101011110: 134 380 299 221
0001001101011110: 135 228 429 181
0001001101011110: 136 443 425 288
0001001101011110: 136 441 425 288
0001001101011110: 136 425 463 288
0001001101011110: 136 425 403 288
0001001101011110: 136 425 386 288
0001001101011110: 136 425 373 288
0001001101011110: 136 425 310 288
0001001101011110: 136 425 297 288
0001001101011110: 136 425 261 288
0001001101011110: 136 425 173 288
0001001101011110: 136 425 396 288
0001001101011110: 136 425 288 414
0001001101011110: 136 425 288 398
0001001101011110: 136 425 288 385
0001001101011110: 136 425 288 380
0001001101011110: 136 425 288 238
0001001101011110: 136 425 288 213
0001001101011110: 136 425 288 200
0001001101011110: 136 425 288 267
0001001101011110: 136 425 288 250
0001001101011110: 136 425 288 230
0001001101011110: 136 425 288 180
0001001101011110: 136 288 385 213
0001001101011110: 138 328 294 236
0001001101011110: 140 241 438 197
0001001101011110: 143 323 363 218
0001001101011110: 144 332 439 147
0001001101011110: 147 439 459 332
0001001101011110: 147 439 366 332
0001001101011110: 147 439 312 332
0001001101011110: 147 439 305 332
0001001101011110: 147 439 266 196
0001001101011110: 147 439 266 332
0001001101011110: 147 439 244 332
0001001101011110: 147 439 234 332
0001001101011110: 147 439 196 332
0001001101011110: 147 439 427 332
0001001101011110: 147 439 332 400
0001001101011110: 147 439 332 378
0001001101011110: 147 439 332 315
0001001101011110: 147 439 332 218
0001001101011110: 147 439 332 300
0001001101011110: 147 439 332 299
0001001101011110: 147 439 332 270
0001001101011110: 147 439 332 220
0001001101011110: 147 439 332 149
0001001101011110: 150 197 438 241
0001001101011110: 151 323 363 218
0001001101011110: 151 207 436 154
0001001101011110: 152 385 288 213
0001001101011110: 154 436 388 434
0001001101011110: 154 436 388 207
0001001101011110: 154 436 364 434
0001001101011110: 154 436 364 207
0001001101011110: 154 436 300 434
0001001101011110: 154 436 300 207
0001001101011110: 154 436 434 426
0001001101011110: 154 436 434 276
0001001101011110: 154 436 434 275
0001001101011110: 154 436 434 251
0001001101011110: 154 436 434 244
0001001101011110: 154 436 434 240
0001001101011110: 154 436 434 402
0001001101011110: 154 436 434 380
0001001101011110: 154 436 434 340
0001001101011110: 154 436 434 301
0001001101011110: 154 436 434 296
0001001101011110: 154 436 434 271
0001001101011110: 154 436 402 207
0001001101011110: 154 436 380 207
0001001101011110: 154 436 340 207
0001001101011110: 154 436 301 207
0001001101011110: 154 436 296 207
0001001101011110: 154 436 271 207
0001001101011110: 154 436 207 272
0001001101011110: 154 436 207 214
0001001101011110: 154 436 207 199
0001001101011110: 154 436 207 159
0001001101011110: 157 284 361 208
0001001101011110: 160 241 438 197
0001001101011110: 162 181 429 228
0001001101011110: 164 463 446 322
0001001101011110: 164 463 425 322
0001001101011110: 164 463 406 322
0001001101011110: 164 463 351 322
0001001101011110: 164 463 333 322
0001001101011110: 164 463 299 322
0001001101011110: 164 463 291 171
0001001101011110: 164 463 291 322
0001001101011110: 164 463 236 322
0001001101011110: 164 463 171 322
0001001101011110: 164 463 431 322
0001001101011110: 164 463 426 322
0001001101011110: 164 463 361 322
0001001101011110: 164 463 322 464
0001001101011110: 164 463 322 461
0001001101011110: 164 463 322 419
0001001101011110: 164 463 322 380
0001001101011110: 164 463 322 249
0001001101011110: 164 463 322 242
0001001101011110: 164 463 322 241
0001001101011110: 164 361 284 208
0001001101011110: 164 241 438 197
0001001101011110: 165 291 463 171
0001001101011110: 168 190 410 309
0001001101011110: 171 463 446 291
0001001101011110: 171 463 425 291
0001001101011110: 171 463 406 291
0001001101011110: 171 463 351 291
0001001101011110: 171 463 333 291
0001001101011110: 171 463 322 291
0001001101011110: 171 463 299 291
0001001101011110: 171 463 236 291
0001001101011110: 171 463 291 410
0001001101011110: 171 463 291 399
0001001101011110: 171 463 291 386
0001001101011110: 171 463 291 312
0001001101011110: 171 463 291 284
0001001101011110: 171 463 291 244
0001001101011110: 171 463 291 211
0001001101011110: 171 463 291 203
0001001101011110: 171 463 291 197
0001001101011110: 171 197 438 241
0001001101011110: 174 361 284 208
0001001101011110: 174 282 379 277
0001001101011110: 175 461 248 208
0001001101011110: 177 277 379 282
0001001101011110: 181 433 429 228
0001001101011110: 181 429 364 228
0001001101011110: 181 429 310 228
0001001101011110: 181 429 292 228
0001001101011110: 181 429 267 228
0001001101011110: 185 361 284 208
0001001101011110: 190 458 410 309
0001001101011110: 190 410 464 309
0001001101011110: 190 410 455 309
0001001101011110: 190 410 405 309
0001001101011110: 190 410 329 309
0001001101011110: 190 410 291 309
0001001101011110: 190 410 225 309
0001001101011110: 190 410 362 309
0001001101011110: 190 410 354 309
0001001101011110: 190 410 309 418
0001001101011110: 190 410 309 370
0001001101011110: 190 410 309 350
0001001101011110: 190 410 309 349
0001001101011110: 190 410 309 315
0001001101011110: 190 410 309 308
0001001101011110: 190 410 309 258
0001001101011110: 190 410 309 204
0001001101011110: 190 410 309 200
0001001101011110: 190 410 309 216
0001001101011110: 195 248 461 208
0001001101011110: 196 439 459 266
0001001101011110: 196 439 366 266
0001001101011110: 196 439 332 266
0001001101011110: 196 439 312 266
0001001101011110: 196 439 305 266
0001001101011110: 196 439 244 266
0001001101011110: 196 439 234 266
0001001101011110: 196 439 369 266
0001001101011110: 196 439 266 461
0001001101011110: 196 439 266 422
0001001101011110: 196 439 266 371
0001001101011110: 196 439 266 363
0001001101011110: 196 439 266 236
0001001101011110: 196 439 266 224
0001001101011110: 196 439 266 256
0001001101011110: 197 438 357 241
0001001101011110: 197 438 200 241
0001001101011110: 197 438 414 241
0001001101011110: 197 438 348 241
0001001101011110: 197 438 305 241
0001001101011110: 197 438 241 453
0001001101011110: 197 438 241 378
0001001101011110: 197 438 241 231
0001001101011110: 200 288 385 213
0001001101011110: 204 236 328 294
0001001101011110: 205 248 461 208
0001001101011110: 208 461 376 248
0001001101011110: 208 461 322 248
0001001101011110: 208 461 319 248
0001001101011110: 208 461 266 248
0001001101011110: 208 461 219 248
0001001101011110: 208 461 437 248
0001001101011110: 208 461 415 248
0001001101011110: 208 461 361 284
0001001101011110: 208 461 361 248
0001001101011110: 208 461 305 248
0001001101011110: 208 461 284 248
0001001101011110: 208 461 253 248
0001001101011110: 208 461 248 459
0001001101011110: 208 461 248 258
0001001101011110: 208 461 248 231
0001001101011110: 208 437 361 284
0001001101011110: 208 415 361 284
0001001101011110: 208 361 392 284
0001001101011110: 208 361 389 284
0001001101011110: 208 361 378 284
0001001101011110: 208 361 360 284
0001001101011110: 208 361 356 284
0001001101011110: 208 361 261 284
0001001101011110: 208 361 305 284
0001001101011110: 208 361 284 430
0001001101011110: 208 361 284 391
0001001101011110: 208 361 284 366
0001001101011110: 208 361 284 353
0001001101011110: 208 361 284 291
0001001101011110: 208 361 284 253
0001001101011110: 208 361 284 248
0001001101011110: 208 361 284 231
0001001101011110: 213 451 385 288
0001001101011110: 213 420 385 288
0001001101011110: 213 385 327 288
0001001101011110: 213 385 288 425
0001001101011110: 213 385 288 414
0001001101011110: 213 385 288 398
0001001101011110: 213 385 288 380
0001001101011110: 213 385 288 238
0001001101011110: 213 385 288 277
0001001101011110: 213 385 288 272
0001001101011110: 213 385 288 246
0001001101011110: 213 277 379 282
0001001101011110: 218 363 401 323
0001001101011110: 218 363 399 323
0001001101011110: 218 363 378 323
0001001101011110: 218 363 271 323
0001001101011110: 218 363 266 323
0001001101011110: 218 363 229 323
0001001101011110: 218 363 357 323
0001001101011110: 218 363 332 323
0001001101011110: 218 363 323 413
0001001101011110: 218 363 323 392
0001001101011110: 218 363 323 364
0001001101011110: 218 363 323 319
0001001101011110: 218 363 323 246
0001001101011110: 218 363 323 320
0001001101011110: 218 363 323 253
0001001101011110: 219 277 379 282
0001001101011110: 226 236 328 294
0001001101011110: 229 282 379 277
0001001101011110: 230 294 328 236
0001001101011110: 236 463 328 294
0001001101011110: 236 407 328 294
0001001101011110: 236 382 328 294
0001001101011110: 236 328 424 294
0001001101011110: 236 328 418 294
0001001101011110: 236 328 327 294
0001001101011110: 236 328 294 448
0001001101011110: 236 328 294 383
0001001101011110: 236 328 294 245
0001001101011110: 236 328 294 266
0001001101011110: 268 379 282 277
0001001101011110: 277 453 379 282
0001001101011110: 277 424 379 282
0001001101011110: 277 399 379 282
0001001101011110: 277 379 380 282
0001001101011110: 277 379 289 282
0001001101011110: 277 379 278 282
0001001101011110: 277 379 325 282
0001001101011110: 277 379 319 282
0001001101011110: 277 379 282 327
