0001001101011110: 1 75 47 14
0001001101011110: 1 47 78 14
0001001101011110: 1 47 58 23
0001001101011110: 1 47 58 14
0001001101011110: 1 47 42 14
0001001101011110: 1 47 23 14
0001001101011110: 1 47 14 96
0001001101011110: 1 47 14 76
0001001101011110: 1 47 14 62
0001001101011110: 1 47 14 59
0001001101011110: 1 47 14 38
0001001101011110: 3 29 71 44
0001001101011110: 4 70 81 9
0001001101011110: 4 70 31 9
0001001101011110: 4 70 62 34
0001001101011110: 4 62 49 34
0001001101011110: 4 62 44 34
0001001101011110: 4 62 42 34
0001001101011110: 4 62 14 34
0001001101011110: 4 62 10 34
0001001101011110: 4 62 57 34
0001001101011110: 4 62 34 97
0001001101011110: 4 62 34 88
0001001101011110: 4 62 34 56
0001001101011110: 4 62 34 22
0001001101011110: 4 62 34 6
0001001101011110: 4 62 34 16
0001001101011110: 4 34 56 6
0001001101011110: 4 16 64 22
0001001101011110: 5 35 56 50
0001001101011110: 5 27 83 77
0001001101011110: 5 22 69 38
0001001101011110: 5 22 64 16
0001001101011110: 6 56 91 34
0001001101011110: 6 56 86 55
0001001101011110: 6 56 86 34
0001001101011110: 6 56 71 34
0001001101011110: 6 56 68 34
0001001101011110: 6 56 55 21
0001001101011110: 6 56 55 34
0001001101011110: 6 56 50 35
0001001101011110: 6 56 50 34
0001001101011110: 6 56 41 34
0001001101011110: 6 56 35 34
0001001101011110: 6 56 32 34
0001001101011110: 6 56 21 34
0001001101011110: 6 56 16 34
0001001101011110: 6 56 34 97
0001001101011110: 6 56 34 88
0001001101011110: 6 56 34 62
0001001101011110: 6 56 34 22
0001001101011110: 6 56 34 15
0001001101011110: 7 94 13 68
0001001101011110: 7 94 13 46
0001001101011110: 7 94 68 96
0001001101011110: 7 94 68 95
0001001101011110: 7 94 68 84
0001001101011110: 7 94 68 63
0001001101011110: 7 94 68 56
0001001101011110: 7 94 68 22
0001001101011110: 7 94 68 12
0001001101011110: 7 94 46 95
0001001101011110: 7 94 46 50
0001001101011110: 7 94 46 41
0001001101011110: 7 94 46 30
0001001101011110: 7 94 46 10
0001001101011110: 7 94 46 12
0001001101011110: 7 94 46 8
0001001101011110: 7 68 96 8
0001001101011110: 7 68 95 8
0001001101011110: 7 68 84 8
0001001101011110: 7 68 63 8
0001001101011110: 7 68 56 8
0001001101011110: 7 68 22 8
0001001101011110: 7 68 46 8
0001001101011110: 7 68 12 8
0001001101011110: 7 68 8 53
0001001101011110: 7 68 8 33
0001001101011110: 7 8 53 33
0001001101011110: 8 68 53 33
0001001101011110: 8 53 64 36
0001001101011110: 8 53 64 33
0001001101011110: 8 53 63 33
0001001101011110: 8 53 59 33
0001001101011110: 8 53 48 33
0001001101011110: 8 53 36 33
0001001101011110: 8 53 25 33
0001001101011110: 8 53 33 99
0001001101011110: 8 53 33 82
0001001101011110: 8 53 33 80
0001001101011110: 8 53 33 74
0001001101011110: 8 53 33 12
0001001101011110: 8 53 33 10
0001001101011110: 9 81 83 70
0001001101011110: 9 81 60 70
0001001101011110: 9 81 49 70
0001001101011110: 9 81 26 70
0001001101011110: 9 81 21 70
0001001101011110: 9 81 16 70
0001001101011110: 9 81 70 80
0001001101011110: 9 81 70 65
0001001101011110: 9 81 70 17
0001001101011110: 9 81 70 59
0001001101011110: 9 81 59 31
0001001101011110: 9 70 80 31
0001001101011110: 9 70 65 31
0001001101011110: 9 70 17 31
0001001101011110: 9 70 31 74
0001001101011110: 9 70 31 50
0001001101011110: 9 70 31 16
0001001101011110: 9 70 31 10
0001001101011110: 9 59 67 60
0001001101011110: 9 59 67 31
0001001101011110: 9 59 60 31
0001001101011110: 9 59 58 31
0001001101011110: 9 59 54 31
0001001101011110: 9 59 53 31
0001001101011110: 9 59 28 31
0001001101011110: 9 59 14 31
0001001101011110: 9 59 31 74
0001001101011110: 9 59 31 50
0001001101011110: 9 59 31 16
0001001101011110: 9 59 31 10
0001001101011110: 10 64 53 36
0001001101011110: 10 64 22 16
0001001101011110: 11 64 53 36
0001001101011110: 11 64 22 16
0001001101011110: 11 50 67 60
0001001101011110: 11 50 56 35
0001001101011110: 13 21 56 55
0001001101011110: 14 59 67 60
0001001101011110: 14 47 58 23
0001001101011110: 14 38 69 22
0001001101011110: 15 49 91 43
0001001101011110: 16 89 64 22
0001001101011110: 16 81 64 22
0001001101011110: 16 77 83 27
0001001101011110: 16 77 64 22
0001001101011110: 16 64 53 36
0001001101011110: 16 64 53 22
0001001101011110: 16 64 36 22
0001001101011110: 16 64 24 22
0001001101011110: 16 64 23 22
0001001101011110: 16 64 56 22
0001001101011110: 16 64 52 22
0001001101011110: 16 64 31 22
0001001101011110: 16 64 22 87
0001001101011110: 16 64 22 75
0001001101011110: 16 64 22 69
0001001101011110: 16 64 22 68
0001001101011110: 16 64 22 38
0001001101011110: 16 64 22 34
0001001101011110: 16 56 86 55
0001001101011110: 16 56 55 21
0001001101011110: 16 56 50 35
0001001101011110: 16 22 69 38
0001001101011110: 18 69 38 22
0001001101011110: 20 23 80 48
0001001101011110: 20 23 58 47
0001001101011110: 21 81 56 55
0001001101011110: 21 67 60 59
0001001101011110: 21 67 60 50
0001001101011110: 21 67 56 55
0001001101011110: 21 56 91 55
0001001101011110: 21 56 71 55
0001001101011110: 21 56 68 55
0001001101011110: 21 56 50 35
0001001101011110: 21 56 50 55
0001001101011110: 21 56 41 55
0001001101011110: 21 56 35 55
0001001101011110: 21 56 34 55
0001001101011110: 21 56 32 55
0001001101011110: 21 56 55 82
0001001101011110: 21 56 55 77
0001001101011110: 21 56 55 58
0001001101011110: 21 56 55 39
0001001101011110: 21 56 55 30
0001001101011110: 21 56 55 25
0001001101011110: 22 87 69 38
0001001101011110: 22 75 69 38
0001001101011110: 22 69 63 38
0001001101011110: 22 69 68 38
0001001101011110: 22 69 64 38
0001001101011110: 22 69 38 34
0001001101011110: 22 64 53 36
0001001101011110: 23 80 70 48
0001001101011110: 23 80 67 48
0001001101011110: 23 80 44 48
0001001101011110: 23 80 33 48
0001001101011110: 23 80 73 48
0001001101011110: 23 80 64 48
0001001101011110: 23 80 58 48
0001001101011110: 23 80 58 47
0001001101011110: 23 80 48 100
0001001101011110: 23 80 48 90
0001001101011110: 23 80 48 77
0001001101011110: 23 80 48 66
0001001101011110: 23 80 48 65
0001001101011110: 23 80 48 53
0001001101011110: 23 80 48 47
0001001101011110: 23 73 58 47
0001001101011110: 23 64 53 36
0001001101011110: 23 64 58 47
0001001101011110: 23 58 95 47
0001001101011110: 23 58 59 47
0001001101011110: 23 58 55 47
0001001101011110: 23 58 48 47
0001001101011110: 23 58 47 78
0001001101011110: 23 58 47 42
0001001101011110: 24 64 53 36
0001001101011110: 25 91 49 43
0001001101011110: 25 55 86 56
0001001101011110: 25 53 64 36
0001001101011110: 27 92 83 77
0001001101011110: 27 83 88 77
0001001101011110: 27 83 81 77
0001001101011110: 27 83 78 77
0001001101011110: 27 83 77 96
0001001101011110: 27 83 77 76
0001001101011110: 27 83 77 55
0001001101011110: 27 83 77 48
0001001101011110: 27 83 77 65
0001001101011110: 28 59 67 60
0001001101011110: 28 29 71 44
0001001101011110: 29 100 71 44
0001001101011110: 29 98 71 44
0001001101011110: 29 71 85 44
0001001101011110: 29 71 56 44
0001001101011110: 29 71 54 44
0001001101011110: 29 71 44 84
0001001101011110: 29 71 44 80
0001001101011110: 29 71 44 62
0001001101011110: 29 71 44 61
0001001101011110: 30 55 86 56
0001001101011110: 30 35 56 50
0001001101011110: 31 59 67 60
0001001101011110: 31 50 67 60
0001001101011110: 31 50 56 35
0001001101011110: 32 56 86 55
0001001101011110: 32 56 50 35
0001001101011110: 32 43 91 49
0001001101011110: 33 53 64 36
0001001101011110: 34 56 86 55
0001001101011110: 34 56 50 35
0001001101011110: 35 85 56 50
0001001101011110: 35 82 56 50
0001001101011110: 35 56 91 50
0001001101011110: 35 56 86 55
0001001101011110: 35 56 86 50
0001001101011110: 35 56 71 50
0001001101011110: 35 56 68 50
0001001101011110: 35 56 55 50
0001001101011110: 35 56 41 50
0001001101011110: 35 56 50 67
0001001101011110: 35 56 50 60
0001001101011110: 35 56 50 46
0001001101011110: 35 50 67 60
0001001101011110: 36 74 64 53
0001001101011110: 36 64 61 53
0001001101011110: 36 64 53 63
0001001101011110: 36 64 53 59
0001001101011110: 36 64 53 48
0001001101011110: 36 64 53 52
0001001101011110: 36 64 53 51
0001001101011110: 39 55 86 56
0001001101011110: 41 56 86 55
0001001101011110: 43 91 56 49
0001001101011110: 43 91 49 93
0001001101011110: 43 91 49 81
0001001101011110: 43 91 49 62
0001001101011110: 46 50 67 60
0001001101011110: 50 67 82 60
0001001101011110: 50 67 80 60
0001001101011110: 50 67 60 99
0001001101011110: 50 67 60 81
0001001101011110: 50 67 60 56
0001001101011110: 50 56 86 55
0001001101011110: 53 59 67 60
0001001101011110: 54 59 67 60
0001001101011110: 55 86 92 56
0001001101011110: 55 86 82 56
0001001101011110: 55 86 77 56
0001001101011110: 55 86 58 56
0001001101011110: 55 86 56 91
0001001101011110: 55 86 56 71
0001001101011110: 55 86 56 68
0001001101011110: 58 59 67 60
0001001101011110: 59 67 82 60
0001001101011110: 59 67 80 60
0001001101011110: 59 67 60 99
0001001101011110: 59 67 60 81
